ID,Adoption,Died,Euthanasia,Return_to_owner,Transfer
1,0.328056699659,0.0166933478602,0.0746063330355,0.189490949293,0.391152670152 
2,0.506110924546,0.0130382972224,0.0527687428399,0.216832789689,0.211249245703 
3,0.505786200449,0.0138222476856,0.0564778094335,0.108299670401,0.315614072031 
4,0.336008131459,0.0165087093494,0.0734986283182,0.202423029166,0.371561501708 
5,0.52245449241,0.0121519402536,0.0480386761895,0.245718486167,0.17163640498 
6,0.467694282595,0.0138806924614,0.0568344604948,0.233554334183,0.228036230267 
7,0.462412995368,0.0152791240705,0.0622947961143,0.15175691684,0.308256167607 
8,0.482341744248,0.0139074485169,0.0577381653519,0.0929249306704,0.353087711212 
9,0.462891834854,0.0137771508104,0.0576619197912,0.220823301141,0.244845793403 
10,0.511659591618,0.0129671292646,0.0520220894862,0.219209200343,0.204141989288 
11,0.487562529092,0.0132799881298,0.0544629402508,0.224395492979,0.220299049549 
12,0.361463581738,0.0164520147303,0.0715206072419,0.197528527675,0.353035268614 
13,0.493431331817,0.0134281851523,0.0547636330697,0.212690963297,0.225685886663 
14,0.414874931731,0.0157497212248,0.0663135767618,0.184536649365,0.318525120917 
15,0.486213187012,0.0132275333662,0.054048699607,0.23305421541,0.213456364605 
16,0.500320608469,0.0131085172542,0.0534765113477,0.215346754506,0.217747608423 
17,0.46467174786,0.0137163155629,0.0564856733591,0.240081122716,0.225045140502 
18,0.471087837715,0.0133381716288,0.0542009150847,0.258404299752,0.202968775819 
19,0.511083081731,0.013654727996,0.0556287191815,0.0985047191434,0.321128751948 
20,0.204359841257,0.0161122943761,0.0735526669743,0.0533515170354,0.652623680357 
21,0.509038930712,0.0133571766013,0.0551642637059,0.0965871406852,0.325852488295 
22,0.101251326895,0.0144931638007,0.071272024033,0.0349787201225,0.778004765149 
23,0.468800737312,0.013614818591,0.0560726074471,0.237394367936,0.224117468714 
24,0.194771675238,0.0157589368876,0.0724173254979,0.0485852884755,0.668466773901 
25,0.483704355785,0.0135559548673,0.0561055372079,0.206229415778,0.240404736362 
26,0.313835122637,0.0157554924922,0.0688306611073,0.0652258002185,0.536352923545 
27,0.497045999715,0.0138191349909,0.0571147932857,0.112213092341,0.319806979668 
28,0.206322333942,0.0182264110928,0.0851761454987,0.129214108224,0.561061001243 
29,0.474590482202,0.0134970382805,0.0553396579865,0.237479764977,0.219093056553 
30,0.465084870227,0.0136398287686,0.0564165311745,0.238046330371,0.226812439459 
31,0.353775120725,0.0166711915431,0.0727740160768,0.159782804364,0.396996867291 
32,0.514999245068,0.0131945312721,0.0538737813938,0.179037808218,0.238894634048 
33,0.30937169927,0.0162245595246,0.0714996442614,0.079619081047,0.523285015897 
34,0.529517724151,0.013302424936,0.0538844808333,0.103819389594,0.299475980486 
35,0.343764093657,0.0157691441055,0.0690388670236,0.0845770496225,0.486850845591 
36,0.481067584817,0.0135888320043,0.0552160356178,0.231659320385,0.218468227177 
37,0.286352199191,0.015985760837,0.0708246402858,0.0658192412842,0.561018158402 
38,0.488054679428,0.0132970970758,0.0544751375166,0.223900413736,0.220272672244 
39,0.522274943097,0.0125359386024,0.0499967804609,0.224923095183,0.190269242657 
40,0.372262533273,0.0167297606731,0.0715265257179,0.173025992771,0.366455187565 
41,0.323570456758,0.0165226876681,0.0746334386763,0.182183095732,0.403090321166 
42,0.188219714929,0.0159758264498,0.0739084015493,0.0522607054519,0.66963535162 
43,0.491047116347,0.0136310590698,0.0567127768532,0.0936993361746,0.344909711556 
44,0.182401557575,0.0163640420025,0.0764184618338,0.0603691263274,0.664446812261 
45,0.326819524548,0.0159920361309,0.0693026112742,0.0716139142785,0.516271913768 
46,0.384431150227,0.0163665389123,0.0699961916771,0.159786552669,0.369419566515 
47,0.521258709182,0.0135632132934,0.0548727727429,0.101972486136,0.308332818647 
48,0.498844221812,0.0132322914498,0.0530807634051,0.229747481315,0.205095242019 
49,0.463193531715,0.0139665995457,0.0581825470812,0.215971224775,0.248686096883 
50,0.336260085736,0.0167430483767,0.0737353175353,0.213864807404,0.359396740948 
51,0.379152078753,0.0163148956662,0.0697254799521,0.119987430525,0.414820115104 
52,0.443392378599,0.0144146366563,0.0601898984703,0.22774448706,0.254258599214 
53,0.534232528114,0.0132778190194,0.0535216076711,0.103565943317,0.295402101879 
54,0.328689896424,0.0155767635921,0.0691508073811,0.0802141792057,0.506368353397 
55,0.103703401381,0.0157593693732,0.0792222042865,0.05815384196,0.743161183 
56,0.517153428382,0.0137573322616,0.0555259975276,0.103572420968,0.30999082086 
57,0.510755068656,0.0128065574682,0.0508746998688,0.236139599012,0.189424074995 
58,0.0976572005669,0.0143536074763,0.0702742209655,0.0320598932695,0.785655077722 
59,0.159309267265,0.0153991104388,0.0725920006878,0.0444139546443,0.708285666964 
60,0.47934246299,0.0134328118167,0.0549575239786,0.234420324321,0.217846876893 
61,0.366378236655,0.0164958114099,0.0715398406971,0.166566530051,0.379019581186 
62,0.472487541661,0.0137295625924,0.055987008743,0.236535090668,0.221260796335 
63,0.464659131592,0.014392866275,0.0601080223664,0.176723487432,0.284116492335 
64,0.185372973749,0.015934097526,0.0738029378969,0.051360044791,0.673529946037 
65,0.160398150663,0.0154973033105,0.0731743811248,0.0463885843837,0.704541580518 
66,0.505335584239,0.0132602263728,0.0549900923298,0.171680116122,0.254733980936 
67,0.512271149428,0.0133298527909,0.0547531850686,0.0913440889929,0.32830172372 
68,0.309984454989,0.0171283147475,0.0768328346195,0.173645804915,0.422408590728 
69,0.485282836208,0.0133742123182,0.0541969053937,0.236583387747,0.210562658333 
70,0.155705946832,0.0152144749404,0.0719074593717,0.0423520385726,0.714820080283 
71,0.219743042467,0.0177614904791,0.0830176843931,0.123185009372,0.556292773288 
72,0.52517337588,0.012699091323,0.0504903288805,0.216255961151,0.195381242766 
73,0.104328757282,0.0146870402082,0.0714324559262,0.0345906436645,0.774961102919 
74,0.506339728202,0.0134593591422,0.0545204314085,0.193715537252,0.231964943995 
75,0.211711359174,0.0163943958724,0.0748732717937,0.0601855443666,0.636835428793 
76,0.334787102948,0.0161767923469,0.0714062411043,0.100409766851,0.47722009675 
77,0.47371745317,0.0141518144666,0.059223156159,0.109712829747,0.343194746458 
78,0.280768258971,0.015879701643,0.0710595188832,0.0671037400746,0.565188780428 
79,0.473934939636,0.0138519382037,0.0570619348455,0.215844797181,0.239306390134 
80,0.504940747076,0.0137729002895,0.0564464732213,0.108396121651,0.316443757762 
81,0.191170863855,0.0158761674709,0.0734459554426,0.0517420842736,0.667764928957 
82,0.10687742261,0.0145718590019,0.0709154190286,0.0342055603702,0.77342973899 
83,0.50184561378,0.0129960071902,0.0519778704945,0.237133054321,0.196047454214 
84,0.192054331311,0.0160035114378,0.07415135407,0.0544254983881,0.663365304793 
85,0.465046648817,0.0137609857577,0.0566832772327,0.237104522606,0.227404565587 
86,0.198421227682,0.0160495785066,0.0736597853459,0.052958816488,0.658910591978 
87,0.37938087435,0.0161597231101,0.0692975352875,0.210147236308,0.325014630944 
88,0.49238946738,0.0134151544496,0.0545686817014,0.218303389171,0.221323307298 
89,0.18602369806,0.0156888342824,0.0725819792664,0.0479161322228,0.677789356169 
90,0.454427726201,0.0143943948285,0.0612871152235,0.142121670429,0.327769093318 
91,0.161636488629,0.0159662637472,0.0750274829547,0.0508229639788,0.696546800691 
92,0.146201494844,0.0152352070824,0.0731879437672,0.0456768346535,0.719698519653 
93,0.556470666523,0.0130226207896,0.0515813513397,0.121461225408,0.25746413594 
94,0.499249169064,0.0134195903702,0.054815425005,0.199617254112,0.232898561448 
95,0.287406441654,0.0156851882998,0.0693939659142,0.0599018572687,0.567612546863 
96,0.479765555487,0.0133134103636,0.0543482167812,0.241139318987,0.211433498382 
97,0.461116090174,0.01396559586,0.0586011359161,0.209726554178,0.256590623872 
98,0.204480793515,0.0160527906758,0.0734927485594,0.0537738797491,0.652199787501 
99,0.339382614299,0.0161178153901,0.0710676709331,0.101397734172,0.472034165206 
100,0.478465485425,0.013687147016,0.0565615579066,0.211630478809,0.239655330843 
101,0.492504595197,0.0137575756812,0.0572256755043,0.107766265508,0.32874588811 
102,0.527267058895,0.0131179030676,0.0535964459572,0.0982051923971,0.307813399683 
103,0.444104741703,0.0141336144493,0.0587275504622,0.246880136721,0.236153956664 
104,0.48746961386,0.0134799680381,0.0546011972508,0.228711772766,0.215737448085 
105,0.504814325603,0.013650803946,0.0559994052261,0.0975775085991,0.327957956626 
106,0.473255039085,0.0134116218815,0.0548915480709,0.245225501764,0.213216289198 
107,0.506932443064,0.0123918047143,0.0493905491409,0.254293995218,0.176991207863 
108,0.354641341231,0.0165439142581,0.0722538301538,0.195399475949,0.361161438408 
109,0.465676167377,0.0142992095238,0.0602650645253,0.151217505729,0.308542052845 
110,0.47116417656,0.0143709357133,0.0600422846908,0.145860415636,0.3085621874 
111,0.480114580879,0.0137341957125,0.0564823808146,0.21213518316,0.237533659433 
112,0.497887987319,0.0131778823531,0.0528807321208,0.23325055616,0.202802842047 
113,0.444427398686,0.014205742467,0.0586209569435,0.250856214807,0.231889687096 
114,0.468070977017,0.0137690102833,0.0566881487213,0.231885254614,0.229586609364 
115,0.162441163484,0.0153465640646,0.0721270735906,0.0435592941943,0.706525904666 
116,0.485642849404,0.0137593895706,0.0570818349431,0.184593740536,0.258922185546 
117,0.487215149394,0.0133750165874,0.054920965712,0.219008974982,0.225479893325 
118,0.310833988432,0.0173331978813,0.076658780622,0.225330416467,0.369843616598 
119,0.428320376712,0.014742303877,0.0605412262047,0.260312573673,0.236083519533 
120,0.345361088697,0.0163377024112,0.0705009909413,0.0904793381214,0.477320879829 
121,0.499387008745,0.0136276527532,0.0561735584304,0.0933466814124,0.337465098659 
122,0.497172613413,0.0140665431793,0.0576731231341,0.132249304134,0.298838416139 
123,0.524614490206,0.0133787066099,0.0543467741958,0.103708121668,0.303951907321 
124,0.108004215128,0.0146722982751,0.071076739173,0.0341848230043,0.77206192442 
125,0.247171240189,0.0182628945016,0.0831341868234,0.146482071768,0.504949606718 
126,0.509261589142,0.0128066172011,0.0511755177575,0.233472036257,0.193284239642 
127,0.286604793252,0.0161832918438,0.0714580893112,0.0678628256711,0.557890999921 
128,0.506451693169,0.0136233314185,0.0558393317698,0.0973890111356,0.326696632507 
129,0.55087854945,0.0130423941273,0.05201447753,0.10798268087,0.276081898023 
130,0.51021807067,0.0134962491526,0.0554591299491,0.101332105015,0.319494445213 
131,0.477803297102,0.0134016993255,0.0547442402644,0.240005702265,0.214045061044 
132,0.525160219706,0.0133551813422,0.054254774021,0.102924618835,0.304305206096 
133,0.330949145677,0.015796937675,0.0685095287241,0.0698640098355,0.514880378088 
134,0.469691497885,0.0140541889939,0.0588057901245,0.187590827489,0.269857695508 
135,0.49233248688,0.0140581861149,0.0576139658464,0.0999479982978,0.336047362861 
136,0.499352139792,0.0132308888904,0.0538211095802,0.214404379304,0.219191482433 
137,0.502893416176,0.0139571364145,0.0569413040973,0.109829611022,0.316378532291 
138,0.100800507615,0.0143674142077,0.0706492809922,0.0337538103794,0.780428986805 
139,0.455612209982,0.0142004024953,0.0585749021622,0.231442631732,0.240169853629 
140,0.415486090473,0.0150481273187,0.0640859299596,0.217374882359,0.28800496989 
141,0.523785142979,0.0131097310992,0.053410556924,0.166303384098,0.2433911849 
142,0.324716221877,0.0155716806765,0.0691907083814,0.0782493518712,0.512272037194 
143,0.461413738201,0.0141790833256,0.0586834552563,0.216715677862,0.249008045355 
144,0.467774830656,0.0138212575738,0.0566215938157,0.235604221204,0.226178096751 
145,0.476624425924,0.0137938625132,0.0567140358056,0.216125720711,0.236741955046 
146,0.482502546818,0.0138077491281,0.0563938007303,0.212431412848,0.234864490476 
147,0.437724593083,0.0151331955058,0.0636428285034,0.171285577453,0.312213805454 
148,0.499641833787,0.0125731246428,0.0501709377672,0.257905609034,0.179708494769 
149,0.156476223461,0.0152815336084,0.0722790303306,0.0435125756862,0.712450636913 
150,0.320355184449,0.0158499280988,0.0710222990964,0.091255284022,0.501517304334 
151,0.332078530483,0.0157549359643,0.0679405063333,0.0659223066228,0.518303720596 
152,0.183061520522,0.0158496610514,0.0736366886657,0.0507927113608,0.6766594184 
153,0.476224322943,0.0136297319013,0.0566418940577,0.211806886347,0.241697164751 
154,0.381988935837,0.0162006788871,0.0695470050635,0.192453362096,0.339810018116 
155,0.400383108965,0.0161626244943,0.0684603424848,0.1543772893,0.360616634756 
156,0.538979750732,0.0126634776204,0.0508520598938,0.181732196253,0.2157725155 
157,0.472183725162,0.0136457480243,0.0557438269888,0.23890940887,0.219517290955 
158,0.193478180688,0.0158022718315,0.0725873948684,0.0486420121828,0.669490140429 
159,0.447090695546,0.0145846125186,0.0621610525064,0.142602629738,0.333561009691 
160,0.475247086471,0.0137060247894,0.055806544779,0.234364091138,0.220876252823 
161,0.50412576565,0.0133920786621,0.0551991253648,0.176018013287,0.251265017037 
162,0.518859436319,0.0125988965233,0.0495621663872,0.239133994426,0.179845506345 
163,0.117800884889,0.0172768407559,0.0857697289763,0.0869888424376,0.692163702941 
164,0.532651721125,0.0131302546105,0.0531831763847,0.0944206369429,0.306614210937 
165,0.458115710261,0.0140294053095,0.0581118796728,0.230131743476,0.23961126128 
166,0.524911951269,0.0132994477056,0.0540120244791,0.0953655734528,0.312411003094 
167,0.487505925294,0.013244085212,0.0531207094255,0.247799373397,0.198329906672 
168,0.473528940589,0.0138346017277,0.0570484395391,0.216259213877,0.239328804267 
169,0.49903771873,0.0130382024511,0.0523823923311,0.235924435023,0.199617251464 
170,0.510714327366,0.0133139088561,0.0541047240143,0.188339651051,0.233527388713 
171,0.1784634527,0.0167268867788,0.0785055793097,0.0677819753399,0.658522105872 
172,0.513632437017,0.0132204480168,0.0540708346066,0.177832298858,0.241243981501 
173,0.503281547871,0.0132853017998,0.0535964395716,0.213807162111,0.216029548647 
174,0.482645046591,0.0137716138285,0.0560109667832,0.219191465845,0.228380906953 
175,0.495915320464,0.0129437104032,0.0518470398612,0.247180308976,0.192113620296 
176,0.338563115652,0.0158158540425,0.0699157180432,0.0914329213853,0.484272390877 
177,0.494781699457,0.013534744836,0.0542443868696,0.224635219693,0.212803949144 
178,0.533981257067,0.0133057610767,0.0535572000749,0.139396144443,0.259759637338 
179,0.397851168134,0.0163186054518,0.0689298860569,0.159742763322,0.357157577036 
180,0.219128120158,0.0176113925667,0.0826412378712,0.12128702449,0.559332224914 
181,0.179928707028,0.0156614839124,0.0730129405902,0.0488190340689,0.6825778344 
182,0.353582749817,0.0154978722687,0.0677358273938,0.0818723660199,0.4813111845 
183,0.498818063383,0.0134724404809,0.0550475335863,0.197048836715,0.235613125834 
184,0.334328250022,0.0167169287585,0.0738591679114,0.212782468395,0.362313184914 
185,0.539408856034,0.0128611422962,0.0514719971748,0.173512944465,0.222745060031 
186,0.457579781514,0.0140405233722,0.0576492322287,0.240987604821,0.229742858064 
187,0.191585560471,0.0155160195356,0.0720243994414,0.0484103147309,0.672463705821 
188,0.511472818426,0.0126786693204,0.0509810284994,0.229493460881,0.195374022873 
189,0.507043355859,0.0132509531384,0.053626941271,0.204817443781,0.22126130595 
190,0.506297591728,0.0130058846662,0.0527251154204,0.216219249184,0.211752159002 
191,0.481977624242,0.013616809197,0.0557774032668,0.219626677958,0.229001485336 
192,0.478935696169,0.0137148319394,0.0560361915097,0.223454134833,0.227859145549 
193,0.353963185465,0.01648633032,0.0720993773285,0.201213855287,0.3562372516 
194,0.345254701098,0.016781122314,0.0736153097744,0.169192265193,0.395156601621 
195,0.484919763634,0.0135103050939,0.0558173750455,0.208739428824,0.237013127403 
196,0.510346018067,0.0136160363139,0.0556254129123,0.0993203946253,0.321092138081 
197,0.489967312236,0.0132449124187,0.054286911188,0.222401536475,0.220099327681 
198,0.510924955822,0.0127268311336,0.0503677416903,0.24191206675,0.184068404604 
199,0.469496637274,0.0137514737403,0.0566087633094,0.230283274747,0.22985985093 
200,0.452338300078,0.0140700254421,0.0587791928634,0.22808718002,0.246725301597 
201,0.113942765462,0.0148713667087,0.0716760272817,0.0358263657112,0.763683474836 
202,0.491456255357,0.013865791506,0.0573516589716,0.101290458447,0.336035835718 
203,0.491509732327,0.0131691144167,0.0536382477707,0.229832776126,0.211850129359 
204,0.422651699087,0.015810539206,0.0660875755646,0.167853653726,0.327596532416 
205,0.351831988138,0.0163104774591,0.0721844658574,0.177162994499,0.382510074047 
206,0.530998536664,0.0133371074714,0.0537842866204,0.0999860244882,0.301894044756 
207,0.480217355441,0.0133836573113,0.0548876556955,0.232591963353,0.218919368199 
208,0.349449371708,0.0164545999081,0.0726584976235,0.173224657862,0.388212872898 
209,0.491042131444,0.0134309516958,0.0540573870933,0.231233405549,0.210236124218 
210,0.533834468425,0.0126121446889,0.0500584850354,0.206778991337,0.196715910513 
211,0.1534485797,0.0159619640242,0.0776834832163,0.0639805409085,0.688925432151 
212,0.458250952529,0.0139352087643,0.0570200775164,0.248291348134,0.222502413056 
213,0.486953486556,0.0132436894622,0.053716786594,0.238442657879,0.207643379508 
214,0.393283307648,0.016176392591,0.0689705578889,0.147172219247,0.374397522625 
215,0.186899297428,0.0157434261897,0.0728109655601,0.0487131551132,0.675833155709 
216,0.371453462887,0.0163615322676,0.0708887043092,0.152006981201,0.389289319335 
217,0.378093502541,0.0161336213686,0.0681333107664,0.0900285976182,0.447610967706 
218,0.48872573568,0.0137498705326,0.0570503708123,0.0929606851778,0.347513337797 
219,0.467194024915,0.0138027306628,0.0569004517808,0.230298356877,0.231804435764 
220,0.488112310347,0.013221453139,0.053569811814,0.238466586827,0.206629837873 
221,0.280307374879,0.0171483708733,0.0790136683965,0.193913210986,0.429617374866 
222,0.161678943625,0.0155274430157,0.0732470101499,0.046739302936,0.702807300273 
223,0.283945389963,0.0164244562115,0.0757182651546,0.114423346047,0.509488542623 
224,0.509282966154,0.0130028581555,0.0522439366166,0.220251490326,0.205218748748 
225,0.331382101669,0.0173490288422,0.0755567275564,0.19770556493,0.378006577003 
226,0.533126271048,0.0129549601386,0.0519528718639,0.179063771706,0.222902125243 
227,0.192168820851,0.0156668103632,0.0722508740176,0.0480679047998,0.671845589968 
228,0.134784067388,0.0165949980777,0.0816238122715,0.0742032285961,0.692793893667 
229,0.449046696394,0.0140420074757,0.058582616897,0.237526111923,0.24080256731 
230,0.159822206093,0.0152713284295,0.0719664257966,0.0429839687309,0.70995607095 
231,0.545910695926,0.0130839382768,0.0523999412909,0.10459140468,0.284014019826 
232,0.497751329844,0.0132839290643,0.0544701088167,0.205206438478,0.229288193797 
233,0.19591413972,0.015901395175,0.073127038595,0.0510359150121,0.664021511498 
234,0.370967407794,0.0162799153517,0.0699791560987,0.218608583289,0.324164937466 
235,0.483892286798,0.0133498059247,0.0537992597199,0.245164402985,0.203794244572 
236,0.503308845734,0.0137771049806,0.056485594465,0.104233602783,0.322194852037 
237,0.477582957074,0.0138526785501,0.057352750866,0.20099589245,0.25021572106 
238,0.223481133507,0.0178679520565,0.0831323565597,0.125923705578,0.549594852299 
239,0.521079357817,0.012510320429,0.0498135949097,0.229214923686,0.187381803158 
240,0.335514713887,0.0164738883681,0.0722359905664,0.105513910658,0.47026149652 
241,0.380733937918,0.0163807914709,0.0702855612661,0.157092976851,0.375506732493 
242,0.481419366828,0.0139062723433,0.0577161365067,0.18366076426,0.263297460062 
243,0.356280596383,0.0159993373889,0.0686175286435,0.0823007847336,0.476801752851 
244,0.496001863126,0.0136979165382,0.0565877706875,0.0955791309789,0.33813331867 
245,0.46868651823,0.0136641665474,0.056226562343,0.236288928613,0.225133824267 
246,0.473385079584,0.0135705125651,0.0547761532699,0.251828683026,0.206439571555 
247,0.512860752724,0.013565267201,0.0554271722834,0.101905793712,0.316241014079 
248,0.489923910824,0.0138131194846,0.057218581682,0.0967449316661,0.342299456343 
249,0.469526955818,0.0138301718199,0.0566569549949,0.232028137722,0.227957779646 
250,0.525323169568,0.0133768755984,0.0543946807318,0.111428562597,0.295476711504 
251,0.223035741573,0.0178755855319,0.0832565603679,0.127610528451,0.548221584077 
252,0.462938756867,0.0138073738209,0.0571930133339,0.232243678312,0.233817177666 
253,0.218549713433,0.0162484715588,0.0736820935623,0.056847980362,0.634671741084 
254,0.468506047065,0.0138824371146,0.0570244461315,0.228268381014,0.232318688674 
255,0.181241906686,0.0154371515975,0.0721294779142,0.0471528722532,0.684038591549 
256,0.480261218769,0.0138141045844,0.0568390154392,0.206669476006,0.242416185202 
257,0.376903680256,0.0165783843752,0.0707976891394,0.139395498352,0.396324747878 
258,0.527887491518,0.0133634852553,0.0540611555002,0.101310299963,0.303377567763 
259,0.459180847704,0.0139411015667,0.056670283435,0.253218269141,0.216989498154 
260,0.367377449838,0.0164198037113,0.0713232671399,0.162052060814,0.382827418497 
261,0.500737733343,0.0126677337461,0.0509744253375,0.246254471796,0.189365635777 
262,0.471707064215,0.0137180946126,0.0572990954675,0.208920638373,0.248355107332 
263,0.501014433012,0.0132882088007,0.0540924384841,0.207540634236,0.224064285467 
264,0.472963071391,0.0136921162806,0.0557401667084,0.239102359316,0.218502286304 
265,0.496332719487,0.0137037605429,0.0563131993748,0.178359795828,0.255290524767 
266,0.459802597919,0.0144664956544,0.0605481699903,0.103511208833,0.361671527603 
267,0.217337744144,0.0171304799778,0.0803551165879,0.0995152376361,0.585661421655 
268,0.215048210624,0.0161724503723,0.0730878233399,0.0531349503344,0.642556565329 
269,0.0903966746444,0.0141957040318,0.0701449354538,0.0315086608895,0.79375402498 
270,0.521006749998,0.0135446967709,0.0550377927889,0.117923039121,0.292487721321 
271,0.203475848395,0.0159983387758,0.0732000431524,0.052460390015,0.654865379661 
272,0.331196924464,0.0160610617093,0.0691594523345,0.0712057447711,0.512376816722 
273,0.362388814099,0.016451920106,0.0711466655809,0.21252479896,0.337487801254 
274,0.347701739964,0.0173847145971,0.0745020112746,0.187449629038,0.372961905127 
275,0.318148595643,0.0160416939213,0.0700407710783,0.0732123462401,0.522556593117 
276,0.16322828815,0.0157095942906,0.0739371140402,0.0485608948838,0.698564108635 
277,0.103760714295,0.0144610543577,0.0705814037121,0.0333595537995,0.777837273836 
278,0.405836534636,0.0161374914654,0.0668977026895,0.0984699046814,0.412658366528 
279,0.461419168754,0.0145496072778,0.0609642988418,0.12032776872,0.342739156406 
280,0.306605418217,0.0156578229346,0.0705992888545,0.0809004877911,0.526236982203 
281,0.481205172605,0.0135022964894,0.055301274295,0.22678596742,0.223205289191 
282,0.457456632053,0.0139945722947,0.0569538141696,0.252669770465,0.218925211018 
283,0.222690117158,0.0177016518698,0.0825990158553,0.121155013654,0.555854201462 
284,0.532005420062,0.0133514236991,0.0538021462654,0.103494446703,0.297346563271 
285,0.459011173813,0.0140297340268,0.0575089942563,0.240827984404,0.2286221135 
286,0.4827941401,0.013413842834,0.0543386335356,0.23941177353,0.210041610001 
287,0.085965055315,0.0142978110504,0.0723646879939,0.037348465176,0.790023980465 
288,0.210258150211,0.016212324185,0.073763749991,0.0551490904563,0.644616685156 
289,0.533861923973,0.0129049726495,0.0518662927341,0.177404011549,0.223962799095 
290,0.484627582358,0.0132172505575,0.0533310251552,0.248099915898,0.200724226031 
291,0.391777107229,0.0155472262458,0.0651149690278,0.0746878239971,0.452872873501 
292,0.515776761448,0.013314601085,0.0545637906591,0.0932485263798,0.323096320428 
293,0.3453858434,0.0155617371805,0.0666949388712,0.0645503501624,0.507807130386 
294,0.323804939343,0.0161422395975,0.0717528040372,0.0963637764048,0.491936240617 
295,0.496885945004,0.0130142109603,0.0516592713839,0.250577510908,0.187863061744 
296,0.242037402163,0.0178227979226,0.0819300018222,0.128203460478,0.530006337614 
297,0.495289787241,0.01299633535,0.0522355957924,0.243250103578,0.196228178038 
298,0.240360555536,0.0176794681713,0.0809984160092,0.113296318645,0.547665241638 
299,0.474812037403,0.0137012927057,0.0568991661878,0.211591127647,0.242996376056 
300,0.517095932927,0.0137404229583,0.0556079306993,0.111294100468,0.302261612947 
301,0.494057515024,0.0131089507034,0.0527615881823,0.239521213341,0.20055073275 
302,0.510931394767,0.013382189687,0.0551522063114,0.099037670176,0.321496539058 
303,0.516276413025,0.0134170005343,0.0550047106427,0.10585698367,0.309444892128 
304,0.474040380827,0.0137063785666,0.0569087064347,0.213177228532,0.24216730564 
305,0.232137464945,0.0176690017679,0.0815176862219,0.113672342145,0.555003504919 
306,0.474043522859,0.0135740690207,0.0542269869295,0.259921418437,0.198234002754 
307,0.534287157604,0.0132793625837,0.0535650735232,0.107115864532,0.291752541757 
308,0.525568235445,0.0132750357043,0.0540439258149,0.100665385042,0.306447417994 
309,0.506628888181,0.0128943722871,0.0523753531827,0.218735878405,0.209365507944 
310,0.33390281183,0.015923167297,0.0701670699467,0.0880681987383,0.491938752188 
311,0.494989741438,0.0143269229543,0.0582873407481,0.136361690918,0.296034303942 
312,0.332805629984,0.0155429185853,0.0672864845837,0.0642348301273,0.52013013672 
313,0.208307620255,0.0159788650902,0.0727446685691,0.0515379731318,0.651430872954 
314,0.461023348923,0.013885135297,0.0576937439729,0.228104831853,0.239292939954 
315,0.189634327673,0.0157907185174,0.0751047411187,0.0626370097388,0.656833202953 
316,0.538808780861,0.0121654516889,0.0476243634223,0.22795259216,0.173448811868 
317,0.452727671019,0.0141238294728,0.0584963699043,0.235602313682,0.239049815922 
318,0.361561492327,0.0165272364497,0.0719483054814,0.166352350218,0.383610615524 
319,0.20632782553,0.0158797240884,0.0725062568954,0.0508240797915,0.654462113695 
320,0.476992746365,0.0135389128019,0.0556986885634,0.227612287889,0.226157364382 
321,0.512110499158,0.0135741151715,0.0556051398316,0.108240395745,0.310469850094 
322,0.11221949317,0.0148398539495,0.071637938931,0.0356118171645,0.765690896785 
323,0.120707602749,0.015615928729,0.0752705827116,0.044941211645,0.743464674166 
324,0.472489229315,0.0143989117946,0.0600185902116,0.142147060173,0.310946208506 
325,0.527881898496,0.013214990435,0.0536405621775,0.0942887618646,0.310973787027 
326,0.511806627744,0.0133949235592,0.0549891156951,0.0941746778306,0.325634655171 
327,0.526084605885,0.0129550480923,0.0520552184902,0.191388479824,0.217516647708 
328,0.491907269307,0.0129075124955,0.0517528223967,0.253844021662,0.189588374139 
329,0.494180232466,0.0131920565269,0.0531818536756,0.234428869161,0.205016988171 
330,0.284475474114,0.0171530676471,0.0786843877358,0.20002877317,0.419658297333 
331,0.429200661898,0.0146653617227,0.0614574432364,0.237220671106,0.257455862036 
332,0.153603023145,0.0151594601696,0.0718520100001,0.0421730146372,0.717212492048 
333,0.53994347843,0.0130594612867,0.0527753633608,0.105775327026,0.288446369897 
334,0.376188555287,0.016568511721,0.0708760113764,0.179533268961,0.356833652654 
335,0.231393511445,0.0173800730872,0.0805334222048,0.106748087004,0.563944906258 
336,0.514073745145,0.0134113975561,0.0550778446424,0.102422685655,0.315014327001 
337,0.185882279138,0.0169605208048,0.0784893777295,0.0670605640465,0.651607258281 
338,0.473454355065,0.0137964291079,0.0564529642458,0.227857669732,0.228438581849 
339,0.23517499493,0.0179424581341,0.0827740798566,0.131665214066,0.532443253013 
340,0.498210715661,0.0131546857231,0.0533244615243,0.223765567274,0.211544569818 
341,0.348270217155,0.0154487959789,0.0666643342042,0.0677211241908,0.501895528471 
342,0.526350794495,0.0133595303756,0.0541451846733,0.100727344202,0.305417146254 
343,0.247824501642,0.0183281326254,0.0824290228731,0.124585873825,0.526832469034 
344,0.502545727011,0.0130470993112,0.0522422793333,0.232934757034,0.199230137311 
345,0.51402161069,0.0136157605757,0.05553265925,0.106986471951,0.309843497534 
346,0.488078908064,0.0131526456226,0.0530918114229,0.244765323527,0.200911311364 
347,0.47818419729,0.0136718802042,0.0551959523062,0.239672253823,0.213275716377 
348,0.314369170356,0.0158004303205,0.0710493548581,0.0882683876907,0.510512656774 
349,0.421083938433,0.0145972613481,0.0607906201588,0.263296085938,0.240232094122 
350,0.455293763491,0.0139285812094,0.057631992521,0.241476822636,0.231668840143 
351,0.478219129622,0.0134774668817,0.0554578672809,0.228104788405,0.22474074781 
352,0.111232889976,0.014828534732,0.0716031659108,0.035387838145,0.766947571237 
353,0.474972722765,0.013553629909,0.0549308278112,0.246083649356,0.21045917016 
354,0.422105033134,0.0145631019594,0.062424933084,0.0889413162599,0.411965615562 
355,0.505658240967,0.0133623793659,0.0543324218333,0.195630793931,0.231016163903 
356,0.173586326731,0.0158395480106,0.074025280876,0.0503492703595,0.686199574023 
357,0.365337599718,0.0168081840247,0.0721977515152,0.17128016555,0.374376299192 
358,0.37151203945,0.0166749674765,0.0715115560525,0.164912873372,0.375388563649 
359,0.302676432924,0.0156001154202,0.0706974212439,0.0809176404066,0.530108390005 
360,0.402314125225,0.016276043508,0.0685180059932,0.161278641086,0.351613184188 
361,0.512506101416,0.0134740859187,0.0551576523812,0.0966078905832,0.322254269701 
362,0.329665184972,0.0167979944367,0.0745766199829,0.200410325041,0.378549875567 
363,0.466608704372,0.0139979965292,0.0572402692148,0.231511155643,0.230641874241 
364,0.472114354195,0.0141698492827,0.0593486352617,0.109090321412,0.345276839848 
365,0.507140385468,0.0135557478317,0.055665067467,0.0971737185545,0.326465080679 
366,0.143377162579,0.0157613631115,0.074761196375,0.0468429007689,0.719257377166 
367,0.370209645207,0.016612940542,0.071485747711,0.15862352317,0.38306814337 
368,0.208122889191,0.0184071295915,0.0853834503655,0.127958787692,0.560127743159 
369,0.167295481288,0.0163946592706,0.0774201637582,0.0610296225068,0.677860073176 
370,0.357234393549,0.0163267751518,0.0716985507535,0.142558706271,0.412181574274 
371,0.49479578025,0.0135179810262,0.0551933316765,0.203859455744,0.232633451304 
372,0.437261044674,0.015377862885,0.0636629528282,0.19318065791,0.290517481703 
373,0.531426461376,0.0131203295845,0.0532669320563,0.0953852408089,0.306801036174 
374,0.453715002833,0.0139403233218,0.0568508712961,0.258948227301,0.216545575249 
375,0.10569407748,0.0146191099175,0.0708895578723,0.033534642967,0.775262611763 
376,0.508379522329,0.0134899652176,0.0547684164491,0.183990398304,0.2393716977 
377,0.479344112663,0.0134620016078,0.0550762692525,0.23312438222,0.218993234256 
378,0.492660483844,0.0134335682346,0.0550305869259,0.208426133218,0.230449227778 
379,0.48642284305,0.0135428801628,0.0556097115626,0.211926289815,0.232498275409 
380,0.328486939343,0.015617968749,0.0695211848065,0.083568432705,0.502805474396 
381,0.415091554107,0.0158226748905,0.0655373326427,0.094330004794,0.409218433566 
382,0.170966047601,0.0160408957401,0.075882347242,0.0575393671525,0.679571342264 
383,0.21656316962,0.0169096363597,0.0774015790365,0.0728985756185,0.616227039365 
384,0.20595824636,0.0160503830161,0.0730954933719,0.0519726928805,0.652923184371 
385,0.492253864937,0.0138389246878,0.0566601098897,0.185558068199,0.251689032287 
386,0.454026786499,0.0141366388571,0.0577872527296,0.247735345579,0.226313976336 
387,0.206006848708,0.0160728685749,0.0734029143185,0.0534640348728,0.651053333526 
388,0.505859906771,0.0129915367873,0.0519458153218,0.231067761765,0.198134979355 
389,0.514751101679,0.0133658807438,0.0547635389064,0.094669768989,0.322449709681 
390,0.539895335903,0.0132106823396,0.0530563305823,0.106634820096,0.287202831079 
391,0.300226682238,0.0173129878743,0.0777774877065,0.205497622655,0.399185219526 
392,0.102423741336,0.0144202609695,0.0707260038499,0.0339042591777,0.778525734667 
393,0.49880856336,0.0134956205553,0.0558771225223,0.0908163806811,0.341002312881 
394,0.258058777944,0.017917604473,0.0818140606018,0.151961451265,0.490248105716 
395,0.476113877624,0.0136261535217,0.0553367704285,0.239124251045,0.21579894738 
396,0.469365193462,0.0139817150102,0.056958371272,0.231648062272,0.228046657983 
397,0.370498264579,0.0163518995907,0.070167484725,0.217993906479,0.324988444626 
398,0.317721714008,0.0156990104096,0.0699450539051,0.0794869640092,0.517147257668 
399,0.482884806125,0.0134772398452,0.0558007506996,0.211822602043,0.236014601287 
400,0.446694674498,0.0140439891218,0.0581409074653,0.250613282983,0.230507145932 
401,0.345242164127,0.0156058451894,0.0669693417174,0.0661718835869,0.506010765379 
402,0.490304638998,0.0132773686794,0.0535613588107,0.236683665704,0.206172967807 
403,0.537104345999,0.0127069237577,0.0511980985987,0.17886063934,0.220129992305 
404,0.177685928622,0.0157846178909,0.0734874510101,0.0492851919328,0.683756810544 
405,0.335915482428,0.0155500217336,0.0677864831857,0.070213169982,0.51053484267 
406,0.488673047571,0.0133158422572,0.0536704036569,0.238617837737,0.205722868777 
407,0.453840092187,0.0144320901871,0.0612907921474,0.123413362952,0.347023662527 
408,0.451902093434,0.014272527928,0.0583918212909,0.244491099441,0.230942457907 
409,0.548114014687,0.012602477309,0.0501659737916,0.176906979344,0.212210554869 
410,0.107228811922,0.0147624055662,0.0714821910439,0.034725578922,0.771801012546 
411,0.359615785935,0.0162440676099,0.0710924292352,0.206803374143,0.346244343077 
412,0.484434131978,0.0139130532199,0.0580041897354,0.106072563597,0.33757606147 
413,0.463659563822,0.0135635708158,0.0556727141982,0.251849644485,0.215254506679 
414,0.541745905397,0.0133215177083,0.0530385887477,0.136519187022,0.255374801126 
415,0.465058885925,0.0139454249817,0.0572920419868,0.23138099116,0.232322655946 
416,0.548931257517,0.0128761235932,0.0517088652613,0.0964854613586,0.28999829227 
417,0.478630394703,0.0136000245407,0.0564505352967,0.210239529185,0.241079516275 
418,0.476972108855,0.0135641454639,0.0555553264689,0.23143991214,0.222468507072 
419,0.494363689141,0.0134740126004,0.0562278474563,0.0941716558735,0.341762794929 
420,0.392319752649,0.0160787325419,0.0688808310839,0.153684797828,0.369035885897 
421,0.533292805261,0.0127587908898,0.051654329433,0.17754332833,0.224750746087 
422,0.189359634982,0.0156764757362,0.0722599824291,0.0472861616133,0.675417745239 
423,0.164161585301,0.0153826433877,0.0721741187633,0.0438120787943,0.704469573754 
424,0.469045538046,0.0145075661872,0.0604098179733,0.12361590554,0.332421172253 
425,0.383345906272,0.0163750722895,0.0700781413516,0.165550741753,0.364650138333 
426,0.233265736827,0.0171734875199,0.0793973482712,0.0983171349099,0.571846292472 
427,0.33463473979,0.0160576329996,0.0699270375277,0.08180905658,0.497571533103 
428,0.19461239024,0.0157841606333,0.0727432838915,0.0499707283051,0.66688943693 
429,0.330134127625,0.0166352679124,0.0742568742559,0.197643299279,0.381330430928 
430,0.215898504007,0.0161550075386,0.0732213504137,0.0543899316408,0.6403352064 
431,0.365788104609,0.0164253808586,0.0714377914331,0.157932718162,0.388416004937 
432,0.463858991528,0.0138826781487,0.0574766312462,0.227361266002,0.237420433075 
433,0.474583992533,0.0134808490969,0.0549976548438,0.243296425271,0.213641078255 
434,0.500296251052,0.0136023238048,0.0556068175531,0.18474415707,0.24575045052 
435,0.181805805789,0.0156003761187,0.072649191365,0.0481200093512,0.681824617377 
436,0.157571581743,0.0153092012755,0.0723446768756,0.0437861340416,0.710988406064 
437,0.507549844228,0.0135206730739,0.0554662466177,0.0933965999264,0.330066636154 
438,0.489737070426,0.0136222767193,0.0557078993685,0.206291511631,0.234641241855 
439,0.146016020129,0.0149366969869,0.0717409560757,0.0421473083209,0.725159018487 
440,0.478945037476,0.0141508769762,0.0590673637893,0.146415207109,0.30142151465 
441,0.282329341165,0.0160533006597,0.0732936201254,0.0870370319501,0.541286706099 
442,0.486671359883,0.0134626573803,0.0553148780084,0.214853126296,0.229697978432 
443,0.395029867191,0.0160677006114,0.0686667605149,0.1568640458,0.363371625882 
444,0.469406617869,0.0133503969537,0.0541412829828,0.26233743038,0.200764271814 
445,0.509802454477,0.0128910127422,0.0516440554925,0.226912505167,0.198749972122 
446,0.500153203156,0.0131391257134,0.0528186202393,0.229425234403,0.204463816489 
447,0.516137114095,0.01369194955,0.055461604177,0.102898082549,0.311811249628 
448,0.352026344089,0.015982702176,0.0700489287715,0.101660137816,0.460281887148 
449,0.348439119801,0.0158184727662,0.0693174366744,0.0910179802771,0.475406990482 
450,0.349429726568,0.0161984117135,0.0721432090255,0.16160750072,0.400621151973 
451,0.192370016023,0.0158463711552,0.0736150057111,0.0533850645171,0.664783542594 
452,0.463457721697,0.0149464139398,0.0616388563633,0.127247609966,0.332709398034 
453,0.505757822769,0.0126839076494,0.0506162171212,0.244749338326,0.186192714134 
454,0.16270782723,0.0156829071211,0.0738859825615,0.0484576335343,0.699265649553 
455,0.477865319278,0.0136431981623,0.0560129997894,0.223291612266,0.229186870504 
456,0.515974544638,0.0123797895221,0.0496644012155,0.236032586048,0.185948678577 
457,0.378588466994,0.0161627166095,0.0700056635384,0.152768234602,0.382474918256 
458,0.356590470667,0.01652232796,0.0720134770995,0.198483671545,0.356390052728 
459,0.467081489266,0.0137780441801,0.058329634734,0.0905908773292,0.370219954491 
460,0.109810403381,0.0148417218924,0.0715876258653,0.0349570771213,0.76880317174 
461,0.492293740369,0.0133123913856,0.0545685259935,0.214696537153,0.225128805099 
462,0.491185847371,0.0137139339062,0.0560116687124,0.199802309892,0.239286240118 
463,0.222140018777,0.01630764725,0.0737576927747,0.0577327896457,0.630061851552 
464,0.333237443865,0.0165727993591,0.0736995732373,0.210783872046,0.365706311493 
465,0.479677561914,0.0132825945651,0.0541330165197,0.244176627875,0.208730199126 
466,0.479362594638,0.0135860026533,0.0563730305318,0.209968727739,0.240709644438 
467,0.22361031478,0.0183524702738,0.0845793905135,0.136183628397,0.537274196036 
468,0.488480712316,0.0142228289155,0.0580730944787,0.170802256559,0.268421107731 
469,0.525670126416,0.0133506004204,0.054090889283,0.0968046915381,0.310083692343 
470,0.385326908251,0.0163247156005,0.0697628246136,0.141829084223,0.386756467312 
471,0.176950134205,0.0160921650224,0.075301892159,0.0553415576738,0.67631425094 
472,0.17364224561,0.0184678957006,0.0879895701428,0.130867056822,0.589033231724 
473,0.35699534217,0.0168434250784,0.0728739491549,0.159376736261,0.393910547336 
474,0.505055565082,0.013246828014,0.0537233094431,0.206365934451,0.22160836301 
475,0.531095603855,0.0128762816568,0.0515248945727,0.190525648931,0.213977570985 
476,0.519486034352,0.0132519890529,0.054150982311,0.0910977562367,0.322013238048 
477,0.163296185356,0.0155393955493,0.0730838114308,0.0462351412188,0.701845466445 
478,0.484050877594,0.0131835172919,0.0532403911977,0.249552599544,0.199972614373 
479,0.159441241192,0.0153299592683,0.0723638855914,0.0441020551206,0.708762858828 
480,0.540558591074,0.0130164114806,0.0524958151408,0.0957764092155,0.29815277309 
481,0.32667855565,0.0168316881248,0.0747743554767,0.207322188016,0.374393212733 
482,0.375684791197,0.016122618954,0.0693230248262,0.217810652524,0.321058912499 
483,0.492875483723,0.0125804257639,0.050085519513,0.269129256326,0.175329314673 
484,0.231712614646,0.0175484071543,0.0811734245354,0.11165691124,0.557908642424 
485,0.405750968452,0.0162069804384,0.0681386239728,0.160785800083,0.349117627053 
486,0.334512284443,0.0168758199128,0.0739083653258,0.223972334643,0.350731195675 
487,0.478088213324,0.0133882832558,0.0548748113436,0.23663697444,0.217011717637 
488,0.498746872634,0.0131036559289,0.0524315160673,0.237480504643,0.198237450727 
489,0.314089517736,0.0161642087523,0.0724368755273,0.0974619312562,0.499847466728 
