ID,Adoption,Died,Euthanasia,Return_to_owner,Transfer
1,0.346014115168,0.0185269824592,0.095913396145,0.209220862771,0.330324643457 
2,0.516126723565,0.0141574340596,0.0655795901703,0.231470502489,0.172665749717 
3,0.494451372523,0.0157391838147,0.0771487870172,0.128745079202,0.283915577443 
4,0.363172196079,0.0181729627236,0.0922490816353,0.228813997197,0.297591762365 
5,0.539493796178,0.0128421987261,0.05728509816,0.256912545117,0.133466361819 
6,0.474758019149,0.0152276302102,0.071632577378,0.245802737374,0.192579035888 
7,0.444109607531,0.0174779275297,0.0845029879646,0.168977488593,0.284931988381 
8,0.476151092338,0.0157581684853,0.0791464140318,0.111798443054,0.317145882091 
9,0.483470238176,0.0148478911601,0.0706488150046,0.237348684399,0.19368437126 
10,0.521160731815,0.0141168023852,0.065052053558,0.228943358922,0.17072705332 
11,0.500023579559,0.0144079277063,0.067556291286,0.238361673464,0.179650527985 
12,0.371750999891,0.0182426382847,0.0922789692184,0.211993027662,0.305734364944 
13,0.509848015007,0.0144486736828,0.0675344785956,0.225018837096,0.183149995618 
14,0.442588029448,0.0169864344945,0.0822616532639,0.200577396961,0.257586485832 
15,0.50287712228,0.0141867214443,0.065602618997,0.249978904569,0.16735463271 
16,0.517775765771,0.0140404282664,0.0651991780275,0.231170497693,0.171814130242 
17,0.47468140699,0.0149324419265,0.0700889075589,0.256845447042,0.183451796483 
18,0.48285828138,0.014508056881,0.0670057325538,0.268404339286,0.167223589898 
19,0.504794830122,0.0154441799338,0.0756849778208,0.117582213941,0.286493798182 
20,0.193212187519,0.0178908881306,0.102399543463,0.0613845311079,0.62511284978 
21,0.515495176052,0.015032551877,0.0738431863555,0.119748881231,0.275880204485 
22,0.0983223854343,0.0160690521175,0.0998547166006,0.0415848250011,0.744169020847 
23,0.483856399185,0.0147151817272,0.0688345589759,0.25303320954,0.179560650572 
24,0.184607736363,0.0174815094488,0.101091716191,0.0562919652372,0.640527072761 
25,0.507022553977,0.0144568144953,0.0679743419524,0.224683674168,0.185862615408 
26,0.304707972206,0.0177771012003,0.0961661356182,0.0774916507964,0.503857140179 
27,0.498869693624,0.0155764324524,0.0763405510691,0.131968182842,0.277245140012 
28,0.217225610593,0.0203598276972,0.113187797832,0.140616406474,0.508610357404 
29,0.488176387438,0.0146059394008,0.067969186605,0.253761686859,0.175486799697 
30,0.487421788207,0.0145228845174,0.0677081095562,0.256078128311,0.174269089409 
31,0.370300631804,0.0184490274197,0.0943089587176,0.174373197174,0.342568184885 
32,0.512023860799,0.0145948109511,0.0697671208598,0.198499961969,0.205114245421 
33,0.312470212104,0.0184183764696,0.0983475406542,0.0939202294985,0.476843641274 
34,0.500975392918,0.0154613752597,0.0760649962359,0.123034156997,0.284464078589 
35,0.342677480294,0.017920415767,0.095289188475,0.101932846647,0.442180068817 
36,0.485228764136,0.0149725132385,0.0701313670443,0.242093230457,0.187574125123 
37,0.287140715243,0.0180522091307,0.0983210199139,0.0792650294365,0.517221026276 
38,0.497548496811,0.0144907569093,0.0677255482211,0.241421027112,0.178814170947 
39,0.542812731008,0.0131882604307,0.0595843152115,0.237578342538,0.146836350812 
40,0.391946744682,0.0183384541068,0.0913627348383,0.184189919,0.314162147373 
41,0.353583556731,0.0182490258339,0.0945556608209,0.209103970731,0.324507785882 
42,0.177525462906,0.0177730921756,0.103074053403,0.0603578003939,0.641269591121 
43,0.479424290053,0.015628544206,0.078613239773,0.114557252685,0.311776673283 
44,0.178302793283,0.0184187002181,0.106095808312,0.0695152847124,0.627667413474 
45,0.315639775434,0.01802927132,0.0964368370626,0.0837779868601,0.486116129323 
46,0.403059099183,0.0179616515446,0.089869223391,0.172922304661,0.316187721221 
47,0.498674210386,0.0155888293529,0.0765593734453,0.119375004129,0.289802582687 
48,0.507280435662,0.0144528136699,0.0663962003884,0.240132273927,0.171738276352 
49,0.474201801509,0.0152405810542,0.0729074671819,0.233226486836,0.204423663419 
50,0.360884042676,0.0183656005055,0.09258348476,0.233247550254,0.294919321804 
51,0.358203492372,0.0186908703809,0.0963486937076,0.136219830355,0.390537113185 
52,0.465677524469,0.0154345804268,0.0731678553641,0.246378101068,0.199341938673 
53,0.518436547774,0.0152050936788,0.073757299299,0.123599551956,0.269001507292 
54,0.315619628415,0.0177929005627,0.0970064670361,0.0959830412486,0.473597962737 
55,0.105202855247,0.0177318791491,0.109447319453,0.0663139680034,0.701303978147 
56,0.498731872261,0.0157629347887,0.0768224289792,0.12233603886,0.286346725111 
57,0.513750757414,0.0141085643725,0.0644176785133,0.245050548664,0.162672451036 
58,0.0908587506319,0.0156062775225,0.0975851847432,0.0367625570486,0.759187230054 
59,0.152274350382,0.0170410436855,0.10133527437,0.0518124564242,0.677536875138 
60,0.5014837041,0.0142861897061,0.0658917616791,0.250546586159,0.167791758356 
61,0.381807454225,0.0182870029354,0.0924781877874,0.182972886692,0.32445446836 
62,0.482862565983,0.0149591335625,0.0696188643299,0.250362328551,0.182197107573 
63,0.477268883098,0.0158932398898,0.0762634374988,0.19890061858,0.231673820933 
64,0.174371503862,0.0177072607573,0.102937054418,0.0592765931242,0.645707587838 
65,0.153207018248,0.0172403883378,0.102339819772,0.0544244267482,0.672788346894 
66,0.523063668732,0.0142618580926,0.0679653694599,0.196413382113,0.198295721603 
67,0.511629530151,0.0150491068188,0.0743271492941,0.111117764244,0.287876449492 
68,0.320706058143,0.0190723814154,0.100161893207,0.198380679198,0.361678988037 
69,0.496041673659,0.0145593733903,0.0673920375,0.247711752353,0.174295163098 
70,0.149823403996,0.0168595689014,0.100604339282,0.0498553751309,0.68285731269 
71,0.224946456356,0.0198565091514,0.111221672517,0.133814152035,0.51016120994 
72,0.529272052409,0.013948069463,0.0640279317517,0.225114885972,0.167637060405 
73,0.0924667172509,0.0158009523409,0.0984433659648,0.0381483618285,0.755140602615 
74,0.520490906605,0.0144584315147,0.0672188754866,0.212696937002,0.185134849392 
75,0.191525517181,0.0181540806355,0.103870733699,0.0655990296802,0.620850638805 
76,0.339925604566,0.0183775234844,0.0972094945044,0.120226418472,0.424260958974 
77,0.482622333136,0.015893016347,0.0786552992499,0.130217942074,0.292611409193 
78,0.279439433419,0.0180275258515,0.0991806140361,0.0818206754501,0.521531751244 
79,0.500927735811,0.0146904566378,0.0686697253583,0.230017624096,0.185694458097 
80,0.486188712765,0.0158357178147,0.078213468017,0.127540256239,0.292221845164 
81,0.177864464185,0.0176374348311,0.102602488072,0.059598075697,0.642297537215 
82,0.0954495718063,0.0157456728673,0.0981334919092,0.038198166061,0.752473097356 
83,0.506610583816,0.0142880959601,0.0656120554729,0.246165806142,0.16732345861 
84,0.173086744865,0.0177701349159,0.103644684175,0.0616238937659,0.643874542278 
85,0.48680811604,0.0146552603393,0.0680639073112,0.255426825504,0.175045890806 
86,0.181046872108,0.0177950731786,0.102777123627,0.0598967761282,0.638484154958 
87,0.386603842381,0.0179227019276,0.0893588558899,0.222295988059,0.283818611742 
88,0.515323424174,0.0142711529985,0.06602479676,0.229833959722,0.174546666345 
89,0.178742239652,0.0174453904594,0.101371831412,0.056042854612,0.646397683865 
90,0.479988477332,0.0158084955043,0.0777815667736,0.164196790663,0.262224669727 
91,0.146362042017,0.0175550387211,0.104109291813,0.0570086864386,0.67496494101 
92,0.145030509083,0.0172092950163,0.103217905611,0.0560409297247,0.678501360565 
93,0.554578593921,0.014563413003,0.0680920650261,0.140230844052,0.222535083998 
94,0.509849491448,0.0144867886358,0.0678528507536,0.222259763974,0.185551105189 
95,0.281480588223,0.0175911269642,0.0968174376528,0.071149285455,0.532961561705 
96,0.502608043336,0.0141161554949,0.0648328634491,0.256369949833,0.162072987887 
97,0.488171389688,0.0148651364825,0.0706360819892,0.23078890423,0.19553848761 
98,0.193510330808,0.0179219792428,0.102645185494,0.0624369468282,0.623485557627 
99,0.348434909504,0.0183545727367,0.0963836470761,0.120706597642,0.416120273041 
100,0.503002763418,0.0145610466753,0.06825162789,0.229329242742,0.184855319275 
101,0.49449842164,0.0155795172814,0.0768010378571,0.132852117149,0.280268906073 
102,0.526692750901,0.0148262971017,0.0722924025087,0.120409925101,0.265778624388 
103,0.475421196541,0.0149074167024,0.069390874155,0.262087448249,0.178193064352 
104,0.499912075758,0.0146433626797,0.0677575390702,0.23998335807,0.177703664422 
105,0.495135566479,0.0154931846545,0.0767762969269,0.116386928808,0.296208023131 
106,0.49362951441,0.0143011510777,0.0660459656751,0.259915801599,0.166107567239 
107,0.530215910454,0.0129438671685,0.057844178251,0.26523569093,0.133760353196 
108,0.366262625633,0.018354358367,0.093156334681,0.211299963116,0.310926718203 
109,0.484557165408,0.0157351297373,0.0768302772078,0.1703812572,0.252496170446 
110,0.484826733961,0.0158922594137,0.0772891294279,0.165644635137,0.256347242061 
111,0.493465947901,0.0149124387606,0.0703676629536,0.226559234058,0.194694716327 
112,0.502488161182,0.014496675716,0.0668954527215,0.242629051293,0.173490659088 
113,0.462050193851,0.0152732446912,0.0714896931216,0.265810862736,0.185376005601 
114,0.489173775076,0.0147016184369,0.0683937064924,0.249690063972,0.178040836022 
115,0.14691987613,0.0167957963289,0.100462636388,0.0490997729683,0.686721918185 
116,0.4983935425,0.0149067425567,0.0712875190462,0.208004585606,0.207407610291 
117,0.508510996321,0.0142636253014,0.0665247962781,0.234435421144,0.176265160956 
118,0.322477464519,0.0192466762334,0.0984838275823,0.238032011235,0.321760020431 
119,0.443141371139,0.0160212934515,0.0749706959774,0.269429217019,0.196437422413 
120,0.342029003081,0.0185036022265,0.0965624234068,0.103818486771,0.439086484515 
121,0.493196561667,0.0154424969981,0.0768857713533,0.112383293175,0.302091876807 
122,0.498333638074,0.015829450478,0.0761745288437,0.15272037053,0.256942012075 
123,0.51265761501,0.0152757367973,0.0744813910378,0.12461508254,0.272970174615 
124,0.0997322286358,0.0159593609364,0.0986093646672,0.0389318301147,0.746767215646 
125,0.258788312589,0.020399484046,0.109632739795,0.158687631866,0.452491831704 
126,0.512351710622,0.0140988577357,0.0646521407922,0.244682364137,0.164214926713 
127,0.279028924105,0.0182224084885,0.0994191305942,0.0802166574896,0.523112879323 
128,0.481040364885,0.0156939003244,0.0785608071383,0.114512685916,0.310192241737 
129,0.543670090064,0.0147723136059,0.0701479116099,0.128248781282,0.243160903438 
130,0.508945713768,0.0152855893599,0.0749128544547,0.123563989475,0.277291852942 
131,0.497225026787,0.0143105877343,0.0660533961162,0.255148099915,0.167262889447 
132,0.516215325557,0.0152035316076,0.0739895564679,0.123884399493,0.270707186874 
133,0.320016459305,0.0178285752574,0.0955243738496,0.0821433752753,0.484487216313 
134,0.49031412174,0.0150848786522,0.0725627414605,0.208840711146,0.213197547001 
135,0.4932899577,0.0158169827401,0.0775032431848,0.120518504689,0.292871311686 
136,0.514520039851,0.014276533679,0.0662995182419,0.228329934145,0.176573974083 
137,0.478068073269,0.0161159648011,0.0795306838745,0.129242476987,0.297042801068 
138,0.0969215142831,0.0158864539146,0.0990316315159,0.0401123698381,0.748048030448 
139,0.471923302557,0.0153555376703,0.0724102581437,0.243893035696,0.196417865933 
140,0.428918909487,0.0164821579641,0.0807924069872,0.234460424268,0.239346101294 
141,0.536213772184,0.0141584245761,0.0668588317622,0.186502868624,0.196266102853 
142,0.303329160987,0.0177501949023,0.0976688886963,0.0922897874804,0.488961967935 
143,0.48446526547,0.0151545237913,0.0714982026174,0.231769779158,0.197112228963 
144,0.493675855489,0.0146098526101,0.0674633093409,0.251020000394,0.173230982166 
145,0.486962904593,0.015053131225,0.0714066346899,0.227291231567,0.199286097925 
146,0.491950281578,0.0150709240607,0.0709692685185,0.224885397546,0.197124128297 
147,0.451159296224,0.0167371696361,0.0813266120981,0.191739067536,0.259037854506 
148,0.520453617701,0.0132022039279,0.0591575998632,0.269942898495,0.137243680013 
149,0.15448363503,0.0170438011206,0.101207396175,0.0518840773037,0.675381090371 
150,0.320405644161,0.018246436383,0.0985085687924,0.113741298422,0.449098052242 
151,0.301462477045,0.0176881585506,0.0958960154107,0.0745252095227,0.510428139471 
152,0.168082619701,0.0175885782567,0.102878874096,0.0580837452369,0.653366182709 
153,0.497922670205,0.0145774432969,0.0688743303607,0.230495050976,0.188130505162 
154,0.375832586405,0.018145759291,0.091742519737,0.209765764527,0.30451337004 
155,0.422877312087,0.0176252283636,0.087312456573,0.165375321008,0.306809681969 
156,0.535339036814,0.0139965241141,0.0656332888404,0.199880295778,0.185150854454 
157,0.484065234111,0.0148110791732,0.0687916620645,0.254524961167,0.177807063484 
158,0.185722069826,0.0175649191269,0.101275732059,0.0566755002613,0.638761778727 
159,0.468444960713,0.0160980109467,0.0795700916072,0.164895826719,0.270991110014 
160,0.493268268759,0.0147210722567,0.0681841411035,0.246258494669,0.177568023212 
161,0.513327397816,0.0145848399047,0.0696828687745,0.197192035211,0.205212858294 
162,0.52983354726,0.0135818822951,0.0608765767074,0.248240223475,0.147467770263 
163,0.12528598462,0.0192896440706,0.115764258268,0.0954384385115,0.644221674529 
164,0.522999608807,0.0149159374504,0.0729152533188,0.113189836612,0.275979363812 
165,0.470157984267,0.0152843042032,0.0723509912188,0.245954316536,0.196252403775 
166,0.501762665396,0.0153216946881,0.075806301373,0.112804556734,0.29430478181 
167,0.496699202239,0.014506686269,0.0665885245224,0.253577732855,0.168627854115 
168,0.487896237159,0.0150080162996,0.0710329805257,0.229251514709,0.196811251307 
169,0.51391327372,0.0140311122641,0.064138783994,0.246339502735,0.161577327286 
170,0.518568910037,0.014454838339,0.067901863626,0.207908203465,0.191166184534 
171,0.169991621099,0.0188106884265,0.108883610347,0.0778821344202,0.624431945707 
172,0.52261492466,0.0143750412784,0.0680395311886,0.198410734096,0.196559768777 
173,0.525818455962,0.0141068516067,0.0646347276961,0.226314861026,0.169125103709 
174,0.500215142139,0.0147921853105,0.0688254289757,0.231027843289,0.185139400286 
175,0.511945430491,0.013872554563,0.0628903516432,0.257939100481,0.153352562822 
176,0.315494575764,0.0182328719675,0.0987085407451,0.109281672053,0.45828233947 
177,0.495031458543,0.014852198825,0.0686829910621,0.240815693729,0.180617657841 
178,0.52517794854,0.0151063428982,0.0713010041222,0.16330062341,0.22511408103 
179,0.404031817551,0.0180280110658,0.0900431611298,0.167441996967,0.320455013287 
180,0.226753223747,0.0197819500719,0.110897284135,0.133558716203,0.509008825843 
181,0.17099481343,0.0174637411253,0.102221160144,0.0572571464046,0.652063138896 
182,0.34987201479,0.017655800357,0.093999958763,0.0993649471178,0.439107278972 
183,0.496494887451,0.014890075312,0.0708082897229,0.216510412048,0.201296335466 
184,0.370231542795,0.0181605338034,0.0911135957207,0.232851228039,0.287643099642 
185,0.541428243858,0.0140915433651,0.0657226732071,0.190839035148,0.187918504422 
186,0.474055635237,0.0152091065582,0.0713964484479,0.248934249949,0.190404559808 
187,0.173566368383,0.0171886152701,0.101064033744,0.0555256644091,0.652655318194 
188,0.53122370368,0.0133867591664,0.0610800963808,0.242272283362,0.152037157411 
189,0.516939261044,0.0144367607814,0.0673309882366,0.216497720597,0.184795269341 
190,0.522604375136,0.0139480911247,0.0644599321568,0.230276688382,0.1687109132 
191,0.503411262168,0.0145247266227,0.0676601647707,0.23423350786,0.180170338578 
192,0.49217652897,0.0148860498971,0.0698263996948,0.233822899816,0.189288121622 
193,0.380479504717,0.0180090253886,0.0904548921645,0.218855012504,0.292201565227 
194,0.37461387545,0.0184486774462,0.0933735557765,0.188380266024,0.325183625303 
195,0.502813158781,0.0145665784212,0.0686653256468,0.225324168136,0.188630769015 
196,0.50177667918,0.0155058335156,0.0760873989588,0.119957067894,0.286673020452 
197,0.513017391997,0.0140657925813,0.0651867102955,0.238311305721,0.169418799405 
198,0.518184285085,0.013932694614,0.0630678730738,0.248928062663,0.155887084564 
199,0.483555165357,0.014895677212,0.0700200661778,0.244475179171,0.187053912082 
200,0.477947106576,0.0149911801966,0.0707287509851,0.246772653839,0.189560308402 
201,0.108198395379,0.0163315513864,0.0997522570696,0.0414276059103,0.734290190255 
202,0.496127644737,0.0156225224284,0.0768348292016,0.124765389339,0.286649614294 
203,0.500933830525,0.014335808363,0.066535326253,0.245976970481,0.172218064378 
204,0.45806770711,0.0169229502416,0.081238609902,0.183858541576,0.25991219117 
205,0.376911778764,0.01796535724,0.0914812703958,0.206254032762,0.307387560838 
206,0.519228231724,0.015151698039,0.0736603992576,0.118449235202,0.273510435778 
207,0.497723283608,0.0143768214182,0.0666888169543,0.249512813881,0.171698264139 
208,0.357768834119,0.0183296776012,0.0947140318141,0.197532310854,0.331655145612 
209,0.504296218824,0.0145178127849,0.0667222757171,0.242063465608,0.172400227066 
210,0.531099132189,0.0138921675131,0.0637597013597,0.224360612251,0.166888386687 
211,0.16112037261,0.0181032945233,0.107580359094,0.0748898103514,0.638306163421 
212,0.465339449753,0.0152580124481,0.0713339657776,0.26254697555,0.185521596472 
213,0.497976229794,0.01437174487,0.0662544326453,0.253128550837,0.168269041854 
214,0.415940183457,0.0176909751062,0.0883546267525,0.159887194137,0.318127020548 
215,0.17999983378,0.0175047717587,0.101577795347,0.056806382591,0.644111216524 
216,0.384988299971,0.0181427187284,0.0923455055844,0.167330490108,0.337192985608 
217,0.358976928315,0.0182992454433,0.0945244099585,0.101500462032,0.426698954251 
218,0.485943253816,0.0155536197403,0.077812886127,0.112620795433,0.308069444884 
219,0.491032143425,0.0147030708991,0.0685551539281,0.245530908758,0.18017872299 
220,0.502361595475,0.0141709819897,0.0654277772215,0.252073730297,0.165965915017 
221,0.314857225775,0.0189641068531,0.0997471950083,0.221022900056,0.345408572308 
222,0.153650109537,0.017253573153,0.10238297019,0.0546171701814,0.67209617694 
223,0.299252701398,0.0186998549031,0.102073834162,0.135560867981,0.444412741555 
224,0.516431555206,0.0142163365358,0.0657804862056,0.229892744668,0.173678877384 
225,0.349138607163,0.0190654356076,0.0958070620061,0.2228055223,0.313183372924 
226,0.528791237529,0.014331664954,0.0674314978309,0.194981133294,0.194464466393 
227,0.18081465386,0.0173591764425,0.10094231959,0.0556028628643,0.645280987242 
228,0.14339520379,0.0187558701052,0.112102985667,0.087025770729,0.638720169709 
229,0.476001170255,0.0149048462316,0.0699500214077,0.255939551072,0.183204411033 
230,0.148218561148,0.0168140106776,0.100459540022,0.0492672273542,0.685240660798 
231,0.535729232534,0.0148902225291,0.0713188789796,0.124917272954,0.253144393003 
232,0.51936338281,0.0141781198657,0.0660900905421,0.221964653046,0.178403753737 
233,0.189885534843,0.0177190724836,0.101865596134,0.0593295576279,0.631200238912 
234,0.378093889994,0.0180643909783,0.0900411123759,0.231887429837,0.281913176815 
235,0.493823227775,0.0145480942248,0.0668771050948,0.255390006685,0.16936156622 
236,0.499969752887,0.0155965225717,0.076370252703,0.125306717705,0.282756754133 
237,0.494145499118,0.0148852946213,0.0704338877827,0.22432063696,0.196214681519 
238,0.229032671241,0.0199444824165,0.111087370282,0.135554107322,0.504381368738 
239,0.537063890813,0.0132896995165,0.0600668988735,0.24220237269,0.147377138107 
240,0.338070103881,0.018567337866,0.0977026178938,0.118742151307,0.426917789052 
241,0.388709369901,0.0181970395174,0.0919945043424,0.168669570411,0.332429515828 
242,0.488622323229,0.0151898151505,0.0731700860142,0.20600700476,0.217010770847 
243,0.349957625374,0.0181520115254,0.0946830572273,0.0952537276993,0.441953578174 
244,0.483921362663,0.0156502250553,0.0781958465859,0.11493355698,0.307299008716 
245,0.483818498188,0.0147790599055,0.0690901068476,0.251544106277,0.180768228782 
246,0.480262623787,0.0148769296998,0.0687310217418,0.261179085908,0.174950338864 
247,0.493902634264,0.015639028975,0.0771221429517,0.12227742828,0.291058765529 
248,0.483543825744,0.0156483908104,0.0782309759211,0.116075409617,0.306501397908 
249,0.485487548036,0.0149130070603,0.0696654237271,0.245501070555,0.184432950622 
250,0.521254224078,0.015164763604,0.0731049977667,0.135056347695,0.255419666856 
251,0.228326375401,0.0199774642467,0.111298744753,0.137749451614,0.502647963985 
252,0.476062773534,0.0149920219297,0.0706372249297,0.250411873953,0.187896105654 
253,0.190675321373,0.0179074435005,0.102810683483,0.0623822822264,0.626224269418 
254,0.477062348982,0.0151839494832,0.071493020258,0.243226926477,0.1930337548 
255,0.176849572088,0.0173160220149,0.101366856458,0.0566846202843,0.647782929154 
256,0.505430984308,0.0147028548091,0.0688630865456,0.221490358632,0.189512715705 
257,0.384824084143,0.0183487500334,0.0929697220296,0.15415668725,0.349700756544 
258,0.522603064508,0.0150802186034,0.0731571847394,0.120137868442,0.269021663707 
259,0.469049896603,0.0152029469881,0.0704496658899,0.265003433406,0.180294057113 
260,0.379872702922,0.0182738565146,0.0928541253807,0.177514686627,0.331484628556 
261,0.518052296237,0.0134715175668,0.0613021624948,0.25864064545,0.148533378251 
262,0.488091583236,0.0148548421294,0.0708858749876,0.227995004685,0.198172694963 
263,0.51853091207,0.0142631005592,0.0664445294625,0.220792948791,0.179968509118 
264,0.479636584729,0.015033315122,0.0703433209971,0.24885788434,0.186128894812 
265,0.504590192121,0.0149399339682,0.0712628060066,0.198681252222,0.210525815683 
266,0.452649063443,0.0164609681651,0.0828010635659,0.125102152705,0.322986752121 
267,0.216870570496,0.0192381801206,0.109564740997,0.112883140585,0.541443367801 
268,0.186330937212,0.0176708395018,0.101661997451,0.0576193034719,0.636716922364 
269,0.0843942803433,0.0154220470124,0.0973417647589,0.0361451658361,0.766696742049 
270,0.49717132505,0.0156804811838,0.0765419524192,0.138623595885,0.271982645462 
271,0.191910284372,0.0178485340773,0.102325003797,0.0609829514961,0.626933226258 
272,0.316147874358,0.0180932238633,0.0964173573475,0.0827451716526,0.486596372779 
273,0.369904524343,0.018312437139,0.0917572227921,0.227274703759,0.292751111967 
274,0.376961402955,0.0189480486012,0.0934590756461,0.199966285199,0.310665187599 
275,0.289611805135,0.0181637611911,0.0988908244897,0.0842547376153,0.509078871569 
276,0.15348134274,0.0174097179328,0.10309308885,0.0561588921043,0.669856958373 
277,0.100174861805,0.0159433601121,0.0986665097842,0.0392889996755,0.745926268623 
278,0.375322680005,0.0183711677586,0.0934618875866,0.108259916874,0.404584347776 
279,0.473429759408,0.0162587882443,0.0800831333687,0.140212824868,0.290015494111 
280,0.304474353453,0.0179394395311,0.0985551634047,0.100310550734,0.478720492877 
281,0.501826371453,0.0144035019699,0.0669275655554,0.241937002079,0.174905558943 
282,0.474604663051,0.0151364621459,0.0699622140716,0.261021293933,0.179275366798 
283,0.235711988755,0.0198982861151,0.110359009848,0.135001252938,0.499029462343 
284,0.519809073093,0.0152289009076,0.0736496241421,0.123536536743,0.267775865114 
285,0.469421619701,0.015324716483,0.0718641515845,0.252595444181,0.190794068051 
286,0.489686008399,0.0147039294842,0.0683008408916,0.249886473337,0.177422747888 
287,0.081904191176,0.0158154389285,0.100793975809,0.042905615898,0.758580778188 
288,0.186953438679,0.0179075818553,0.102866498499,0.0612702044091,0.631002276558 
289,0.541326389616,0.0139834612353,0.0652485142711,0.194688447829,0.184753187049 
290,0.494874359368,0.0143737414436,0.0659630783545,0.259947783772,0.164841037062 
291,0.355689565331,0.0177086413981,0.092538702883,0.0845262560577,0.449536834331 
292,0.520426801001,0.0149447345313,0.0732320522207,0.113331521192,0.278064891056 
293,0.331934759656,0.0174870728619,0.093184239432,0.0754890667202,0.48190486133 
294,0.314046674638,0.0185523973862,0.0998397494931,0.117556191879,0.450004986603 
295,0.504461254302,0.0142349250848,0.0645049704464,0.258289409687,0.15850944048 
296,0.242371291374,0.019900575832,0.109822430855,0.137278307133,0.490627394806 
297,0.502806518298,0.0141795666411,0.0649877755209,0.255551527936,0.162474611603 
298,0.229710503059,0.0196314701658,0.109775318981,0.12179456836,0.519088139434 
299,0.491659933719,0.0148090447418,0.0702442538918,0.228895647126,0.194391120522 
300,0.508340215765,0.0155867906317,0.0753255334431,0.131667133264,0.269080326897 
301,0.499596179548,0.0143875160906,0.0663952734073,0.249819359041,0.169801671913 
302,0.499367567731,0.0153230112329,0.0760299100921,0.120076954855,0.289202556089 
303,0.512215656392,0.0152523257046,0.0743915483699,0.129733550729,0.268406918804 
304,0.489850735488,0.0148336851334,0.070335807387,0.231023003191,0.1939567688 
305,0.245888428498,0.0198451403846,0.109148867764,0.130834959105,0.494282604249 
306,0.48403526653,0.0147876834291,0.0672083481454,0.268606470878,0.165362231018 
307,0.51976002683,0.0151788075678,0.0734914042922,0.127488265077,0.264081496233 
308,0.502258546966,0.0153522274197,0.0757715504214,0.120783755034,0.285833920158 
309,0.514639947652,0.0140555641603,0.0654391079351,0.233457137089,0.172408243164 
310,0.306545125448,0.0182227183271,0.0990797553382,0.10254554678,0.473606854106 
311,0.487490534989,0.016237644825,0.0779779644214,0.155645773021,0.262648082743 
312,0.327019844114,0.017474605215,0.0936298673745,0.0761504362086,0.485725247088 
313,0.182152560748,0.0174911543155,0.10132318021,0.0564620093727,0.642571095354 
314,0.48884631749,0.0146897539533,0.0688448014905,0.245588129407,0.182030997659 
315,0.177771831864,0.0179101590466,0.105857149672,0.0746648549958,0.623796004422 
316,0.54873600371,0.0131147010111,0.0588781978347,0.234990290052,0.144280807392 
317,0.486717949638,0.0148319575756,0.0690561237597,0.248581731719,0.180812237308 
318,0.389679440614,0.0181636654992,0.0912750552813,0.185557628418,0.315324210187 
319,0.200832568057,0.0177397129925,0.101207680129,0.0597476366615,0.62047240216 
320,0.488521403306,0.014721346943,0.0690418096215,0.244565995699,0.183149444431 
321,0.499300061108,0.0155549191217,0.0762645114231,0.131628145428,0.277252362919 
322,0.104809972512,0.0162098236239,0.0994631313834,0.0407192356743,0.738797836806 
323,0.115610238194,0.0172241201902,0.104061765577,0.0509444669191,0.71215940912 
324,0.484156580957,0.0160874890322,0.0776690544891,0.166020410148,0.256066465373 
325,0.527107855175,0.0148824222152,0.0724252960735,0.113545978417,0.27203844812 
326,0.515474481451,0.0150481115596,0.0739183085509,0.11421661257,0.281342485869 
327,0.53838771632,0.0138353452446,0.0636729908176,0.213957758144,0.170146189473 
328,0.511002340223,0.0136520662542,0.0616585762052,0.266849898706,0.146837118611 
329,0.514091788777,0.0140784792902,0.0642874055078,0.245372265289,0.162170061136 
330,0.326531335143,0.018824775539,0.0977914864889,0.228280868208,0.328571534621 
331,0.462806086474,0.0154319351706,0.0726002503021,0.256285293648,0.192876434405 
332,0.152897757788,0.0169383255449,0.100787996207,0.0507062456714,0.678669674788 
333,0.516934156695,0.0151631260127,0.0737703866598,0.12785077591,0.266281554722 
334,0.385706666658,0.0183650867918,0.0918594823627,0.190880419563,0.313188344625 
335,0.235892785352,0.019517008263,0.108998185924,0.121866367575,0.513725652887 
336,0.508455710819,0.0152921788138,0.0749357964352,0.126252429421,0.275063884511 
337,0.164910601647,0.0186618429338,0.107952206822,0.0714668478406,0.637008500757 
338,0.495420387976,0.0147381929504,0.0684114728695,0.24126839697,0.180161549234 
339,0.238780980332,0.0201523181948,0.110834124159,0.143329240994,0.48690333632 
340,0.506338067003,0.0143548278624,0.0668098750588,0.236041846794,0.176455383282 
341,0.335139262487,0.0175192164549,0.0935004416107,0.0802762110788,0.473564868368 
342,0.515470833878,0.0152395742333,0.0741715592643,0.121253995782,0.273864036843 
343,0.238427321878,0.0202295115114,0.110576282223,0.130493029802,0.500273854586 
344,0.516712975316,0.0140569612239,0.0641021656008,0.243232691776,0.161895206083 
345,0.50153295207,0.0155355368018,0.076060886923,0.127760319142,0.279110305063 
346,0.508113685224,0.0140004657594,0.0637283039923,0.257320287181,0.156837257844 
347,0.499141954588,0.0145790536414,0.0665982896428,0.251133606615,0.168547095513 
348,0.302855563494,0.0182261420042,0.0997330857282,0.107836392176,0.471348816598 
349,0.441562179244,0.0157090465413,0.0738204506943,0.27816991999,0.19073840353 
350,0.466364706622,0.0151923156097,0.0717504936063,0.256078552035,0.190613932126 
351,0.495039478611,0.0145401818671,0.0681634114508,0.241366875691,0.18089005238 
352,0.0972368515768,0.0159110431857,0.0985814300942,0.0387008699506,0.749569805193 
353,0.495061963344,0.0144619632994,0.0662610012766,0.258158834759,0.16605623732 
354,0.422709200811,0.0164665424331,0.0855292571413,0.108249883805,0.367045115809 
355,0.509879694298,0.0146187804189,0.0686850739233,0.215296698314,0.191519753046 
356,0.157007478684,0.0174421760818,0.102982915949,0.0564504578274,0.666116971458 
357,0.388493438786,0.0184047282326,0.0918942025094,0.183590016696,0.317617613775 
358,0.387529575873,0.0183604314149,0.0921590771717,0.177046080612,0.324904834928 
359,0.29290651424,0.0179107133167,0.0993684260953,0.0986923653439,0.491121981004 
360,0.401615118265,0.0181326379204,0.0904285845868,0.169544891164,0.320278768063 
361,0.513621800195,0.0151506650669,0.0742729186507,0.11614919274,0.280805423348 
362,0.354051383426,0.0185065041281,0.0942866389046,0.222327612784,0.310827860757 
363,0.48716548832,0.0149554045624,0.0695084851928,0.245327857946,0.183042763979 
364,0.460782892196,0.0162595604566,0.08157752682,0.131450624253,0.309929396274 
365,0.502498104486,0.0153296987766,0.0757338877045,0.116667417832,0.289770891201 
366,0.141577622301,0.0176032087037,0.10432189689,0.0559707878153,0.680526484291 
367,0.384130772566,0.0182937255577,0.0927154448857,0.166664684554,0.338195372437 
368,0.220922976449,0.0205757657231,0.113263765135,0.140365733967,0.504871758726 
369,0.151769247309,0.0180997759222,0.106816008108,0.0663279676616,0.656987000999 
370,0.386153448128,0.017988116939,0.0920820580164,0.161083864508,0.342692512409 
371,0.504795647233,0.0147435717163,0.0693938985267,0.217282594214,0.19378428831 
372,0.447576219496,0.0168596055026,0.0812210447768,0.203938148459,0.250404981766 
373,0.528131574546,0.0148142137894,0.0721907443697,0.114793098272,0.270070369022 
374,0.474908758684,0.0148686333334,0.0684295925833,0.270994093012,0.170798922387 
375,0.0985922046861,0.0159343478892,0.0984557010811,0.0384447520931,0.74857299425 
376,0.520532551993,0.0145315667706,0.0681487014689,0.20332201385,0.193465165918 
377,0.492867686957,0.0145852827301,0.0678156257552,0.248453339138,0.176278065419 
378,0.513484612551,0.0143579033508,0.0671050616018,0.22276005274,0.182292369756 
379,0.511081217138,0.0143870808459,0.0670043701803,0.227781468355,0.17974586348 
380,0.313852734348,0.0179129039375,0.0977291539762,0.100776822529,0.46972838521 
381,0.400126819974,0.0179768984248,0.0903609803864,0.106839581721,0.384695719494 
382,0.170393453172,0.0180195287945,0.10523950712,0.0661631858591,0.640184325054 
383,0.217215409998,0.0192064856741,0.107052065908,0.0860913948603,0.57043464356 
384,0.180149891349,0.0175608569004,0.101710263464,0.0569010522229,0.643677936063 
385,0.507338174678,0.0148767279807,0.0701570071373,0.206777065718,0.200851024486 
386,0.474527203818,0.015137459182,0.0701684859059,0.259187827396,0.180979023698 
387,0.193317953224,0.0179093870039,0.102502111097,0.0617545904471,0.624515958228 
388,0.510705938355,0.0142862057671,0.0656133375519,0.240511315838,0.168883202487 
389,0.518543034508,0.0150065953323,0.073524780986,0.114656811918,0.278268777256 
390,0.530895565216,0.0150076495476,0.0719935667102,0.127032620957,0.25507059757 
391,0.330229342405,0.0190335306756,0.0974565979142,0.233217179409,0.320063349597 
392,0.0988275865334,0.0159639172603,0.0991741578984,0.0403707049725,0.745663633335 
393,0.500918198829,0.0152166101905,0.0757075377587,0.110925859922,0.2972317933 
394,0.267872320012,0.020005897037,0.108010467971,0.165940232832,0.438171082147 
395,0.48450275147,0.0149123922599,0.0694117128934,0.249384183841,0.181788959536 
396,0.477583961261,0.0151761732666,0.0708014218019,0.249365709532,0.187072734139 
397,0.371313785585,0.0182709312345,0.0913870711508,0.229318472336,0.289709739693 
398,0.324515061038,0.0178933803392,0.0965964675533,0.0982193204218,0.462775770647 
399,0.503020507979,0.0144288420505,0.0679765707603,0.230084730329,0.184489348881 
400,0.470418281858,0.015001877442,0.0701459831817,0.263170078301,0.181263779217 
401,0.319145972171,0.0175659595576,0.0943606449872,0.0754494872777,0.493477936007 
402,0.4956317237,0.0145915923301,0.0676139761464,0.246616717856,0.175545989967 
403,0.545603173159,0.0137351051889,0.063881221205,0.19942684854,0.177353651907 
404,0.167565427709,0.0175374480954,0.102603858972,0.0571643969643,0.65512886826 
405,0.339457723188,0.0176833749732,0.09402379163,0.0863731357899,0.462461974419 
406,0.494849667563,0.0146091863861,0.067502151478,0.249012408067,0.174026586507 
407,0.467906668041,0.0162586029986,0.0804259654135,0.150395999335,0.285012764212 
408,0.473900349837,0.0152222556425,0.0706404768911,0.256776849903,0.183460067727 
409,0.551344545816,0.0137679880875,0.0637495142351,0.192591543423,0.178546408439 
410,0.0929207458842,0.0157632615309,0.0981422660702,0.0376428460332,0.755530880481 
411,0.369377518501,0.0180477830419,0.0915587682236,0.224173036133,0.296842894101 
412,0.470564781335,0.0160092834594,0.0801431991913,0.128986103575,0.304296632439 
413,0.47857190461,0.0146947085261,0.0684337143008,0.263751750117,0.174547922446 
414,0.54449242417,0.0148126746612,0.0688055227416,0.157322237825,0.214567140603 
415,0.47118218979,0.0152953328051,0.0723498115778,0.24466099072,0.196511675107 
416,0.543618724101,0.0145491122811,0.0700876905473,0.115474362112,0.256270110959 
417,0.494142877406,0.0147165486555,0.0697159663729,0.229386542524,0.192038065041 
418,0.493491996876,0.0145838241308,0.0677294400135,0.248388374555,0.175806364424 
419,0.484291395392,0.0154443288333,0.0778019273326,0.115691283118,0.306771065324 
420,0.410610705701,0.0177299193956,0.0887762832589,0.168326921853,0.314556169791 
421,0.532045024043,0.0140595388371,0.0664118500304,0.197044905865,0.190438681224 
422,0.17764403735,0.0173387359817,0.100881810175,0.0545412138138,0.649594202679 
423,0.157602765041,0.017041996309,0.100840725293,0.0512817006652,0.673232812692 
424,0.450623226685,0.0166896761722,0.0832493500028,0.141961133408,0.307476613732 
425,0.40438646384,0.0179433692302,0.0894812153034,0.1787651377,0.309423813927 
426,0.224014141413,0.0190579301821,0.108187975553,0.107332991804,0.541406961048 
427,0.338051888997,0.0182219415745,0.0959277067425,0.0962637789529,0.451534683733 
428,0.184018722254,0.0175151738765,0.101525492877,0.0577876865082,0.639152924484 
429,0.353694615451,0.0183743603543,0.094248970636,0.219610082891,0.314071970667 
430,0.200673660505,0.0179857285957,0.10226227208,0.0624549240577,0.616623414762 
431,0.38183446942,0.0181554782391,0.0925968250278,0.171773963233,0.33563926408 
432,0.491653561108,0.0146820026758,0.068570313383,0.244223048016,0.180871074818 
433,0.484011721079,0.0147077365035,0.068460485642,0.256268708654,0.176551348121 
434,0.512779258851,0.0146958794408,0.0693487173115,0.204404824805,0.198771319592 
435,0.162203437926,0.0171580545124,0.101493817733,0.0542372118425,0.664907477986 
436,0.154592147725,0.0170493315611,0.101234113577,0.051973484818,0.675150922319 
437,0.488616148977,0.0155183649115,0.077476077562,0.111247484715,0.307141923835 
438,0.499448238861,0.0148709048612,0.0701058012296,0.219668458466,0.195906596582 
439,0.148857212308,0.0168802808204,0.101335510454,0.0523087496995,0.680618246718 
440,0.497542736428,0.0155474281249,0.0752066129437,0.165901075122,0.245802147382 
441,0.284427737062,0.0184993362991,0.101968932212,0.109265636676,0.485838357751 
442,0.506916081919,0.0143982229214,0.0673843116824,0.230070643971,0.181230739507 
443,0.403816763123,0.0177993836396,0.0896532387706,0.168213428289,0.320517186178 
444,0.482553414798,0.0144888685891,0.0666275563308,0.271878733833,0.16445142645 
445,0.518698291083,0.0140400683218,0.0644894398513,0.236719487955,0.166052712789 
446,0.510975120016,0.0142835377316,0.0655361081788,0.240837128363,0.16836810571 
447,0.507419916764,0.0155014198631,0.0754613704321,0.121957725739,0.279659567201 
448,0.362587351022,0.0181415591892,0.0946987401459,0.122887868125,0.401684481518 
449,0.349474045786,0.0180861411753,0.0954480125677,0.111279350185,0.425712450286 
450,0.353518353325,0.0181084052972,0.0952581796018,0.183761104589,0.349353957187 
451,0.183081480491,0.0177978961778,0.103291365157,0.0632327084615,0.632596549713 
452,0.453436489284,0.01701238636,0.0834014255167,0.146509979683,0.299639719156 
453,0.508736527943,0.0139704970775,0.0637907341276,0.255589980042,0.15791226081 
454,0.149289834504,0.0173233730063,0.102971219082,0.0551659174758,0.675249655932 
455,0.488746638977,0.0148664950733,0.0698215831087,0.238563992362,0.188001290479 
456,0.537282145301,0.0130119978369,0.0589620481757,0.247987940752,0.142755867934 
457,0.398470430334,0.0178009127522,0.0902612343226,0.16764392035,0.325823502242 
458,0.375424079467,0.0181550194623,0.0915302967898,0.214981988975,0.299908615306 
459,0.474012118469,0.0155918317684,0.0790838710696,0.113713482672,0.317598696021 
460,0.0961643555407,0.0159054556362,0.0984438803212,0.038148554928,0.751337753574 
461,0.51000792531,0.0142756466395,0.0666843231421,0.230887403415,0.178144701494 
462,0.497323866693,0.0149547446441,0.0703835107689,0.221235918159,0.196101959735 
463,0.195741208061,0.0180176938798,0.102910575582,0.0636341503285,0.619696372149 
464,0.349194259777,0.0184188339815,0.0941013457134,0.233298159038,0.30498740149 
465,0.495715846538,0.0142656329201,0.0658379804358,0.258528769174,0.165651770932 
466,0.504431008401,0.0144496584276,0.0679727620277,0.228393399742,0.184753171401 
467,0.220104791932,0.0203688318197,0.112959851466,0.141312609127,0.505253915655 
468,0.499172255668,0.0156345076053,0.0738562821862,0.187493456085,0.223843498455 
469,0.518422101046,0.0151196314372,0.0737197152553,0.115790231698,0.276948320563 
470,0.39816507418,0.0180156552413,0.0908752156107,0.158965756733,0.333978298235 
471,0.169490035889,0.0179074531252,0.104389035339,0.0625819913334,0.645631484314 
472,0.190864701579,0.0209073335756,0.11707313292,0.149991319673,0.521163512252 
473,0.373641972191,0.0185599318081,0.094201163688,0.171678736386,0.341918195928 
474,0.512710638368,0.0144766812695,0.0676899246379,0.219602555866,0.185520199858 
475,0.531035967477,0.0141559850352,0.0657255027413,0.208150636921,0.180931907825 
476,0.500683430681,0.0152345993226,0.0757574801306,0.109336217239,0.298988272627 
477,0.156146684823,0.0172013048114,0.101879186639,0.0537002064917,0.671072617235 
478,0.493440800051,0.0143657624254,0.0660420101437,0.261050383673,0.165101043707 
479,0.155808528074,0.0170576083344,0.101217529321,0.0521730073487,0.673743326922 
480,0.519894444291,0.0149797500353,0.0733458118413,0.11360962729,0.278170366543 
481,0.337950914354,0.0187731516034,0.0963668804805,0.227976991051,0.318932062511 
482,0.384516653811,0.0179213783518,0.0888786821058,0.233707574531,0.274975711201 
483,0.51257094817,0.0132582371109,0.0593789008568,0.278633719377,0.136158194486 
484,0.226530577706,0.0195921967975,0.11004915523,0.12307252432,0.520755545947 
485,0.4172960427,0.017796134087,0.088071132351,0.170212573146,0.306624117716 
486,0.359145723008,0.018473337867,0.0923439899047,0.243114262761,0.286922686459 
487,0.495967119948,0.0143511716303,0.0666607735805,0.251804943005,0.171215991836 
488,0.502484638865,0.0144425124363,0.0664852415367,0.245769492763,0.170818114399 
489,0.302950017063,0.0184778356608,0.100474196002,0.11263108401,0.465466867264 
490,0.163185692113,0.017549803562,0.10365990442,0.0605602054585,0.655044394447 
491,0.0846670602527,0.0154401249751,0.0974003894881,0.0362337138108,0.766258711473 
