ID,Adoption,Died,Euthanasia,Return_to_owner,Transfer
1,0.874477988881,0.0121551804643,0.10181237814,0.00465105833043,0.00690339418436 
2,0.920456414759,0.00910849537243,0.0627270451928,0.00253699426726,0.00517105040881 
3,0.925841411739,0.00915505473249,0.0572203763011,0.00253767116969,0.00524548605803 
4,0.846719975094,0.0138170231609,0.125381752899,0.00622732281712,0.0078539260295 
5,0.906529759629,0.010132997387,0.0744026532121,0.00317881533876,0.00575577443288 
6,0.915469184059,0.00949404121438,0.0668749768161,0.00276976839595,0.00539202951475 
7,0.927878594346,0.00877642543422,0.0560096016185,0.0023285494252,0.00500682917589 
8,0.931290352065,0.0087325821076,0.0526779422492,0.00229293913253,0.00500618444585 
9,0.92077208066,0.00910836996601,0.0624105097275,0.00253568611366,0.00517335353308 
10,0.922527946054,0.00905044550583,0.0607771119692,0.00249640084481,0.00514809562566 
11,0.919148977403,0.00925912734759,0.0637098354616,0.00261971311542,0.00526234667203 
12,0.878007188736,0.011957082741,0.0987579082459,0.00448549245799,0.00679232781941 
13,0.919532101792,0.00934095108115,0.0631429562563,0.00266385574456,0.00532013512618 
14,0.893777983102,0.0112905628279,0.0845057048572,0.00398124416795,0.00644450504511 
15,0.913678662632,0.00955691912709,0.068528917983,0.00281455174272,0.00542094851531 
16,0.91705601056,0.00942740676709,0.0654347924622,0.00272246751576,0.00535932269469 
17,0.910392606709,0.00975485683503,0.0713852387273,0.00293717986662,0.00553011786252 
18,0.913846460292,0.0095237323783,0.0684347205451,0.00279511082371,0.00539997596099 
19,0.931011363883,0.008723815342,0.0529783791167,0.00228857216628,0.00499786949227 
20,0.87674834848,0.0132773143746,0.0967839350701,0.00551526231008,0.00767513976494 
21,0.927097138453,0.00900057240177,0.0563078959296,0.00244238821717,0.00515200499851 
22,0.762900204888,0.0208324743122,0.188364367659,0.0157315619353,0.0121713912052 
23,0.911843051238,0.00972529564646,0.0699960753382,0.0029149923416,0.00552058543527 
24,0.877560761363,0.0133723404851,0.095712268492,0.00560977151104,0.00774485814869 
25,0.91799593522,0.00936396853808,0.0646322904325,0.00268400050373,0.00532380530585 
26,0.916628237525,0.0101730083492,0.0641851697952,0.00315363777778,0.00585994655255 
27,0.931326766779,0.00873381844462,0.052638511718,0.00229357008854,0.00500733296987 
28,0.829113385659,0.0155705537282,0.138272909221,0.00810982655234,0.0089333248396 
29,0.910825096676,0.00975655894842,0.0709474022338,0.00293665752271,0.00553428461959 
30,0.905875688752,0.0101690717516,0.0749765474483,0.00320332812564,0.00577536392216 
31,0.907893081041,0.0102065825053,0.0728903483678,0.00319391111168,0.00581607697455 
32,0.920783820215,0.00910837320703,0.062398718936,0.0025356429794,0.00517344466251 
33,0.916499943276,0.0101628043858,0.0643389361052,0.00314628161667,0.00585203461685 
34,0.92954679591,0.00880536686334,0.0542673897299,0.00234029069316,0.00504015680403 
35,0.894508492789,0.0116258501055,0.0830303729,0.00415676186269,0.00667852234245 
36,0.91693937948,0.00943296699824,0.0655351238344,0.00273059447397,0.005361935213 
37,0.916369769257,0.0101528539664,0.06449393386,0.00313915964956,0.00584428326714 
38,0.911420200824,0.0097600148171,0.0703421916405,0.00293680510902,0.00554078760894 
39,0.917443267706,0.00936115226705,0.0651935397204,0.00268422772298,0.00531781258323 
40,0.9006736175,0.0109237560713,0.0784521350664,0.00370500840878,0.00624548295322 
41,0.862374084144,0.0129583024527,0.111943498239,0.00535536980599,0.0073687453584 
42,0.863869211562,0.014358971573,0.106820296469,0.00662979061273,0.00832172978339 
43,0.930687593831,0.00866984083457,0.0534227788087,0.0022611655995,0.00495862092635 
44,0.862784644175,0.0144186034172,0.107749412508,0.00669215534888,0.0083551845503 
45,0.916499943276,0.0101628043858,0.0643389361052,0.00314628161667,0.00585203461685 
46,0.906939617902,0.0103582602438,0.0734931164521,0.00329829814851,0.00591070725318 
47,0.934159693072,0.00841258140743,0.0504886808988,0.00212454621422,0.00481449840755 
48,0.91675456054,0.00943168347292,0.0657236415162,0.00273040147239,0.00535971299819 
49,0.918491629846,0.00925769986475,0.0643727983482,0.00262140257065,0.00525646937008 
50,0.861552764676,0.012989923092,0.112650818391,0.00542282686623,0.0073836669746 
51,0.891005491649,0.0117223111397,0.0863012774676,0.0042523274557,0.00671859228837 
52,0.917001266126,0.00928930991139,0.0657982304767,0.00264457569708,0.00526661778906 
53,0.925947316923,0.00915898555771,0.0571047593116,0.00253993327747,0.00524900493035 
54,0.900327528903,0.0110795377136,0.0784930035885,0.00374865658098,0.00635127321397 
55,0.782696947164,0.0190809446669,0.174534592946,0.0126101774332,0.0110773377899 
56,0.933481006902,0.00840245670909,0.0511933965176,0.00212137903244,0.00480176083902 
57,0.915849843905,0.00949643032036,0.0664873352112,0.00276998313244,0.00539640743153 
58,0.782362580752,0.0199996718929,0.171783982721,0.0141537627996,0.0117000018346 
59,0.877161247024,0.0133239172062,0.0962441850932,0.00556124633113,0.00770940434532 
60,0.908966376154,0.00994925123532,0.0723727981281,0.00306184695985,0.00564972752267 
61,0.903189915042,0.0104962753433,0.0769291071339,0.00340839113031,0.00597631135014 
62,0.912404742759,0.00965554344815,0.0695892788893,0.00287246879677,0.00547796610706 
63,0.921237746483,0.0094574568713,0.0611752421958,0.00271720927302,0.0054123451771 
64,0.863859392492,0.0143576532671,0.106833897667,0.0066282806652,0.00832077590837 
65,0.863820041694,0.0143523904195,0.106888342593,0.00662225804224,0.00831696725107 
66,0.91852148475,0.00928934301772,0.0642729372842,0.00263833689274,0.00527789805507 
67,0.931319495436,0.00873356980258,0.0526463894203,0.00229344292395,0.00500710241671 
68,0.865385969559,0.0123182985585,0.110519109549,0.0048162292285,0.00696039310552 
69,0.916210470236,0.00946331628004,0.0661993271265,0.00274999868813,0.0053768876692 
70,0.877360484992,0.0133476324013,0.0959801786526,0.00558491814117,0.00772678581264 
71,0.855155486468,0.0136382325601,0.117465564779,0.00595763524633,0.00778308094665 
72,0.922666437564,0.00905103924798,0.0606367082971,0.00249624913156,0.00514956575899 
73,0.794621198145,0.0187719645028,0.163585006674,0.0120947084179,0.0109271222605 
74,0.910912474642,0.0098868541553,0.0705639303658,0.00301476451992,0.00562197631688 
75,0.885884306849,0.0125742373207,0.089388677383,0.00489163658102,0.00726114186643 
76,0.894508492789,0.0116258501055,0.0830303729,0.00415676186269,0.00667852234245 
77,0.931326766779,0.00873381844462,0.052638511718,0.00229357008854,0.00500733296987 
78,0.910784786037,0.0105185798964,0.0692644905712,0.00338412095303,0.00604802254269 
79,0.921218079283,0.00914919160617,0.0618726052623,0.00255599407117,0.00520412977771 
80,0.931268202355,0.0086332373273,0.0529108832299,0.00224941246595,0.00493826462165 
81,0.863869211562,0.014358971573,0.106820296469,0.00662979061273,0.00832172978339 
82,0.798105889562,0.0186165268398,0.160590420335,0.0118475841108,0.0108395791517 
83,0.916397588726,0.00946459270447,0.0660085238462,0.00275017886447,0.00537911585903 
84,0.864268743728,0.0139686188681,0.107485120763,0.00621708893924,0.00806042770173 
85,0.906286226768,0.0100875444398,0.0747515604627,0.00315089182741,0.00572377650181 
86,0.873484602615,0.013455856618,0.0995694849632,0.00571713367087,0.00777292213256 
87,0.877045812883,0.0120038706573,0.0996078774631,0.00452466298785,0.00681777600917 
88,0.9194459424,0.00933994824877,0.0632317976595,0.00266350398242,0.00531880770933 
89,0.877360484992,0.0133476324013,0.0959801786526,0.00558491814117,0.00772678581264 
90,0.931319495436,0.00873356980258,0.0526463894203,0.00229344292395,0.00500710241671 
91,0.872136192857,0.0133262555167,0.101272175531,0.00558846963343,0.007676906462 
92,0.85175410384,0.0148837284423,0.117573918486,0.00718654578439,0.00860170344733 
93,0.930945858907,0.00876028268569,0.0529638407911,0.00230804814999,0.00502196946657 
94,0.905653196328,0.0101664198216,0.0752061194158,0.0032021896285,0.00577207480637 
95,0.923115981716,0.00962453623751,0.058924228519,0.00279324273841,0.00554201078896 
96,0.907176680519,0.0100971520634,0.0738352849794,0.00315457809709,0.00573630434115 
97,0.914237839032,0.00962271982048,0.067830372368,0.00283941816923,0.00546965061057 
98,0.863859392492,0.0143576532671,0.106833897667,0.0066282806652,0.00832077590837 
99,0.894508492789,0.0116258501055,0.0830303729,0.00415676186269,0.00667852234245 
100,0.915913566429,0.00952535929114,0.0663659356939,0.00277843140748,0.00541670717815 
101,0.921358659053,0.00946142328532,0.0610444065641,0.00271954274182,0.00541596835596 
102,0.927223467751,0.00900406927162,0.056172900442,0.00244415413383,0.0051554084011 
103,0.909196953524,0.00991085066149,0.0722288886156,0.00303760630538,0.00562570089301 
104,0.91693937948,0.00943296699824,0.0655351238344,0.00273059447397,0.005361935213 
105,0.931234234487,0.00873071967325,0.0527386067135,0.0022919952152,0.00500444391065 
106,0.90609609554,0.0101719022534,0.0747486142987,0.0032046256948,0.00577876221277 
107,0.908982281432,0.00990908570517,0.0724484787213,0.00303712333273,0.0056230308093 
108,0.876737489849,0.0119964345894,0.0999351110503,0.00451996171259,0.00681100279875 
109,0.932986357346,0.00856246091191,0.0513412858286,0.00220435321649,0.00490554269699 
110,0.930626271352,0.00875028996278,0.0533079006264,0.00230305009811,0.00501248796057 
111,0.922023256108,0.00904909969002,0.0612868238632,0.00249751679701,0.00514330354196 
112,0.91693937948,0.00943296699824,0.0655351238344,0.00273059447397,0.005361935213 
113,0.909128360295,0.00983384125332,0.0724725340622,0.00299142729374,0.00557383709612 
114,0.906310008966,0.0101303514873,0.074629465016,0.00317767406732,0.00575250046372 
115,0.885768737495,0.0125628593614,0.089534333733,0.00488141244058,0.00725265696985 
116,0.909355595272,0.00999482513354,0.0718811449325,0.00308529456836,0.00568314009336 
117,0.915770415115,0.00956143980956,0.0664287289055,0.00279959087058,0.00543982529916 
118,0.869208486267,0.0122907134936,0.106733838708,0.00480491139645,0.00696205013467 
119,0.916834521619,0.00924498686164,0.0660545915739,0.00263067470471,0.00523522524058 
120,0.915970214663,0.0101982979022,0.0647900621445,0.00316958493318,0.00587184035723 
121,0.931326766779,0.00873381844462,0.052638511718,0.00229357008854,0.00500733296987 
122,0.925947316923,0.00915898555771,0.0571047593116,0.00253993327747,0.00524900493035 
123,0.925510348949,0.00918828507037,0.0574791617679,0.00255700832315,0.00526519588991 
124,0.782362580752,0.0199996718929,0.171783982721,0.0141537627996,0.0117000018346 
125,0.830072920565,0.0153055216349,0.138045872242,0.00781523411851,0.00876045143969 
126,0.916112372919,0.0094295809986,0.0663704643579,0.00273418080508,0.00535340091939 
127,0.915961895616,0.0101240911489,0.064973482219,0.00311887829473,0.00582165272184 
128,0.934446504761,0.00841858393364,0.0501868954863,0.00212694792658,0.00482106789211 
129,0.925947316923,0.00915898555771,0.0571047593116,0.00253993327747,0.00524900493035 
130,0.925510348949,0.00918828507037,0.0574791617679,0.00255700832315,0.00526519588991 
131,0.907176680519,0.0100971520634,0.0738352849794,0.00315457809709,0.00573630434115 
132,0.925947316923,0.00915898555771,0.0571047593116,0.00253993327747,0.00524900493035 
133,0.916735110341,0.0101818246844,0.0640562756244,0.00316003504493,0.00586675430568 
134,0.917282027102,0.00939410504899,0.0652821118835,0.00270306588542,0.0053386900797 
135,0.930423321061,0.00870898750476,0.0536030733465,0.00228176620177,0.00498285188622 
136,0.920894593172,0.00913797096371,0.0622246530758,0.00254848048772,0.00519430230116 
137,0.929072879555,0.00879420495024,0.0547692500161,0.00233499848573,0.0050286669928 
138,0.762923285358,0.0208370989805,0.188324529007,0.0157404410663,0.0121746455879 
139,0.923300778671,0.0088809951753,0.0603694607963,0.00240858520697,0.00504018015078 
140,0.91566039877,0.00949516071341,0.0666804516219,0.00276981586139,0.00539417303373 
141,0.918448647633,0.00940244585903,0.0640943089473,0.00270140332831,0.00535319423278 
142,0.901029193705,0.0110380735278,0.0778858346244,0.0037185730888,0.00632832505394 
143,0.918572266298,0.00933216754039,0.0641269042313,0.002661668689,0.00530699324166 
144,0.912654624742,0.00964966413168,0.0693592064535,0.00286023501979,0.00547626965265 
145,0.923476299581,0.00899273348791,0.0599514285901,0.00246283689965,0.00511670144156 
146,0.922817871506,0.00899109217628,0.0606161755735,0.00246437128627,0.00511048945828 
147,0.925186542193,0.00913413211039,0.0579271611158,0.00252611637078,0.00522604821024 
148,0.909952254838,0.00975376692128,0.071829447879,0.00293820996415,0.00552632039746 
149,0.877360484992,0.0133476324013,0.0959801786526,0.00558491814117,0.00772678581264 
150,0.874209666037,0.012893440961,0.100256702178,0.00524367475645,0.00739651606772 
151,0.926958579031,0.00920592882263,0.056000227213,0.00254470369472,0.00529056123899 
152,0.872084951821,0.0134688146026,0.100946851635,0.00572672773017,0.00777265421155 
153,0.914168108011,0.00966019814265,0.0678160142898,0.00286144281033,0.00549423674619 
154,0.857739965629,0.013013166117,0.116423974603,0.00544408616367,0.00737880748715 
155,0.909511762705,0.0103257560594,0.0709855093857,0.00326924811278,0.0059077237369 
156,0.921253412821,0.00907894252687,0.061991989872,0.00251837758219,0.00515727719828 
157,0.910392606709,0.00975485683503,0.0713852387273,0.00293717986662,0.00553011786252 
158,0.877547804436,0.0133707146147,0.0957296807338,0.0056081301667,0.00774367004916 
159,0.931011363883,0.008723815342,0.0529783791167,0.00228857216628,0.00499786949227 
160,0.912104071982,0.00981855695376,0.0695223383143,0.00297022331005,0.00558480943983 
161,0.922426657146,0.00899188813361,0.0610050743847,0.00246852531695,0.00510785501874 
162,0.918614783079,0.00927369728401,0.0642048672489,0.00263912681725,0.00526752557065 
163,0.725129438119,0.021275236487,0.224087831292,0.0172058521457,0.0123016419562 
164,0.931326766779,0.00873381844462,0.052638511718,0.00229357008854,0.00500733296987 
165,0.916095141766,0.00939652693445,0.0664614476949,0.00271571323755,0.00533117036668 
166,0.934462835029,0.00841896050983,0.0501696322774,0.0021271063038,0.00482146587992 
167,0.919133875535,0.00924326668222,0.0637511392857,0.00262069764056,0.00525102085683 
168,0.922362518935,0.00904986618905,0.0609445139516,0.00249667160109,0.00514642932323 
169,0.914808291358,0.00961126572825,0.067272035775,0.00284296359984,0.00546544353866 
170,0.911278894206,0.00989213790239,0.0701835509052,0.00301730027963,0.00562811670641 
171,0.861880227667,0.0139086737914,0.110053285186,0.00615228238369,0.00800553097162 
172,0.919889020218,0.00919771595691,0.0631025293521,0.00258398796663,0.00522674650613 
173,0.918927604259,0.00933483065942,0.0637640599141,0.00266205253959,0.00531145262815 
174,0.9187527427,0.00933343851126,0.0639428121533,0.00266180479244,0.00530920184314 
175,0.907816531249,0.0100615351675,0.0732743669776,0.00313061320778,0.00571695339786 
176,0.882514715798,0.0121910742013,0.093682561587,0.00463395917353,0.00697768924042 
177,0.911119430281,0.00965303839714,0.0708843506734,0.00287595148748,0.00546722916131 
178,0.925246901417,0.00908292228609,0.057980575071,0.00249760479723,0.00519199642905 
179,0.914062835168,0.00985871157913,0.0674856310287,0.00296532143005,0.00562750079383 
180,0.855011807279,0.0136313632171,0.117627752912,0.00595136841054,0.00777770818168 
181,0.863869211562,0.014358971573,0.106820296469,0.00662979061273,0.00832172978339 
182,0.894508492789,0.0116258501055,0.0830303729,0.00415676186269,0.00667852234245 
183,0.913019377574,0.00965882585731,0.0689648593327,0.00287239495392,0.00548454228191 
184,0.87022894836,0.0124472957853,0.105343115263,0.00490786312026,0.00707277747127 
185,0.92219554437,0.00904941985538,0.0611131525325,0.00249704012328,0.00514484311917 
186,0.923513730922,0.00890689739695,0.060099499541,0.00242066614727,0.00505920599236 
187,0.876925727144,0.0130921959532,0.0970856691844,0.00534535964037,0.0075510480779 
188,0.914429668632,0.00962436357973,0.0676340189088,0.00283980188742,0.00547214699171 
189,0.92550551352,0.00882301462587,0.0582826612608,0.00237036157443,0.00501844901886 
190,0.918147588796,0.00936499274517,0.0644776735242,0.00268412165805,0.00532562327645 
191,0.917703321559,0.00939560603979,0.064858387788,0.0026996631116,0.00534302150206 
192,0.923151981587,0.00899165312941,0.0602795041195,0.00246340756558,0.00511345359849 
193,0.871062218866,0.012554681594,0.104247839838,0.00498568898787,0.00714957071368 
194,0.893227315037,0.0113424597877,0.0849333366648,0.00402131655886,0.0064755719519 
195,0.920212239181,0.00919877248266,0.0627756776816,0.00258340924147,0.00522990141353 
196,0.925905639517,0.00915741894505,0.0571503061014,0.00253902881141,0.00524760662502 
197,0.920634596616,0.00910837472355,0.0625484916898,0.0025362210846,0.00517231588633 
198,0.916397588726,0.00946459270447,0.0660085238462,0.00275017886447,0.00537911585903 
199,0.920091205433,0.0091091282385,0.0630920947635,0.00253884750727,0.00516872405748 
200,0.908659092073,0.0100289528792,0.0725026742175,0.00310822119048,0.00570105963988 
201,0.782355818382,0.0199982268559,0.171795818063,0.0141511540783,0.0116989826208 
202,0.926571593715,0.0089880278199,0.0568647394555,0.0024364160338,0.00513922297564 
203,0.911300568072,0.00975921086778,0.0704641258795,0.00293669025729,0.00553940492327 
204,0.906939617902,0.0103582602438,0.0734931164521,0.00329829814851,0.00591070725318 
205,0.847346283555,0.0137357472724,0.124969060758,0.00614563377204,0.00780327464248 
206,0.931123452561,0.00872719155771,0.0528580157882,0.00229023018549,0.00500110990706 
207,0.913678662632,0.00955691912709,0.068528917983,0.00281455174272,0.00542094851531 
208,0.866857488298,0.012342868116,0.108986666481,0.00482820491712,0.00698477218784 
209,0.912104071982,0.00981855695376,0.0695223383143,0.00297022331005,0.00558480943983 
210,0.913474604925,0.00955641783206,0.0687348429874,0.00281497761698,0.00541915663804 
211,0.87749583074,0.0133642313864,0.0957994134793,0.00560159349029,0.00773893090382 
212,0.909726655278,0.00975344481349,0.0720564410648,0.00293892026407,0.0055245385799 
213,0.910825096676,0.00975655894842,0.0709474022338,0.00293665752271,0.00553428461959 
214,0.909373595607,0.0103204446324,0.0711370874095,0.00326572386482,0.00590314848584 
215,0.877552125034,0.0133712563462,0.0957238757231,0.00560867696194,0.00774406593489 
216,0.907893081041,0.0102065825053,0.0728903483678,0.00319391111168,0.00581607697455 
217,0.921273132333,0.0097110734195,0.0605745630633,0.00285641147761,0.00558481970696 
218,0.931234234487,0.00873071967325,0.0527386067135,0.0022919952152,0.00500444391065 
219,0.911111951923,0.00988964487853,0.0703570669648,0.00301607605032,0.00562526018333 
220,0.917539789605,0.00925862379649,0.0653255880978,0.00262596623327,0.00525003226778 
221,0.873376599895,0.0120632258336,0.103133371812,0.0045913248184,0.00683547764141 
222,0.863834812214,0.0143543620431,0.106867918217,0.00662451331061,0.00831839421542 
223,0.894526101597,0.0116269743628,0.0830098765151,0.00415764618009,0.006679401345 
224,0.922527946054,0.00905044550583,0.0607771119692,0.00249640084481,0.00514809562566 
225,0.847613309801,0.0132815592723,0.125879618064,0.00572151132605,0.00750400153728 
226,0.924313117248,0.00887842643689,0.0593591400591,0.00240300979967,0.00504630645684 
227,0.877543482215,0.0133701731084,0.0957354866748,0.00560758369078,0.0077432743108 
228,0.720108172866,0.0210207933853,0.229928002323,0.0168327249157,0.0121103065095 
229,0.911636537843,0.00972406493737,0.0702061792696,0.00291491741286,0.0055183005373 
230,0.885850174354,0.0125708516005,0.0894317663341,0.00488858926036,0.00725861845075 
231,0.925947316923,0.00915898555771,0.0571047593116,0.00253993327747,0.00524900493035 
232,0.920729059651,0.0091688849347,0.0623227032454,0.00256557143458,0.00521378073408 
233,0.881999613021,0.012935742628,0.0923648246081,0.00522118711726,0.00747863262579 
234,0.875702405332,0.0119106642632,0.10117338948,0.00446601079183,0.00674753013311 
235,0.917335428634,0.00930284248119,0.0654245855775,0.002659567236,0.00527757607091 
236,0.925947316923,0.00915898555771,0.0571047593116,0.00253993327747,0.00524900493035 
237,0.911428133739,0.00972298824102,0.0704177992717,0.00291496989429,0.00551610885444 
238,0.85214143028,0.0139526112316,0.119675019461,0.00625408377609,0.00797685525078 
239,0.919041591104,0.00925876684393,0.0638184449702,0.0026198986346,0.00526129844704 
240,0.916715524036,0.0101801867952,0.0640799539724,0.00315884372004,0.00586549147613 
241,0.906650059679,0.0104200767184,0.0736327730461,0.00334736993598,0.00594972062058 
242,0.91811516684,0.00925767076948,0.0647505837977,0.00262292900365,0.00525364958904 
243,0.916735110341,0.0101818246844,0.0640562756244,0.00316003504493,0.00586675430568 
244,0.933805593797,0.00843708102898,0.0507919319024,0.00213740234939,0.00482799092207 
245,0.912817883179,0.00965758572009,0.0691699646521,0.0028722933142,0.00548227313472 
246,0.914677691414,0.00949101305868,0.0676762588171,0.00277077063981,0.0053842660704 
247,0.928635705136,0.00885708525442,0.0550704655688,0.00236928364646,0.00506746039461 
248,0.931234234487,0.00873071967325,0.0527386067135,0.0022919952152,0.00500444391065 
249,0.911907630985,0.00981594373716,0.0697257164939,0.00296905274014,0.00558165604366 
250,0.921371318847,0.00946184841382,0.0610306837841,0.00271979449782,0.00541635445736 
251,0.848472421153,0.0141278295414,0.122889815972,0.00643620518905,0.00807372814465 
252,0.911213139616,0.00972204511328,0.0706356978883,0.00291515369689,0.00551396368542 
253,0.873508925825,0.0134584466902,0.0995380340729,0.0057197653716,0.00777482804014 
254,0.915077081396,0.00949222968652,0.0672726877322,0.00277003288029,0.0053879683048 
255,0.867713105508,0.0139342893076,0.104144232485,0.00614788765108,0.00806048504766 
256,0.919276115597,0.009338101925,0.0634065960238,0.0026629054202,0.0053162810339 
257,0.904355898051,0.0104676250361,0.0758290232298,0.00338196475328,0.00596548892951 
258,0.931234234487,0.00873071967325,0.0527386067135,0.0022919952152,0.00500444391065 
259,0.911340853574,0.00965308918151,0.0706621802118,0.00287506204843,0.00546881498475 
260,0.900590291028,0.0107684714714,0.078906562314,0.00359376665026,0.00614090853629 
261,0.911420200824,0.0097600148171,0.0703421916405,0.00293680510902,0.00554078760894 
262,0.91852148475,0.00928934301772,0.0642729372842,0.00263833689274,0.00527789805507 
263,0.919561968748,0.00934130932782,0.063112133928,0.00266398541388,0.00532060258263 
264,0.91895331965,0.00924266420109,0.0639337959178,0.00262095035843,0.0052492698729 
265,0.920366134105,0.00913715041135,0.0627569164016,0.00255005954138,0.00518973954111 
266,0.925453644742,0.00914200042438,0.0576404822366,0.00253035284606,0.00523351975147 
267,0.834708991325,0.014925910844,0.134482314093,0.00735094111273,0.00853184262528 
268,0.885699752952,0.012556182168,0.089620959205,0.00487543451455,0.00724767116008 
269,0.78204818504,0.0199336598653,0.172329535805,0.0140351840203,0.0116534352697 
270,0.927626119741,0.00887326004385,0.0560485222032,0.00238224993957,0.0050698480722 
271,0.863800321596,0.0143497652131,0.10691558916,0.00661925700801,0.0083150670224 
272,0.916369769257,0.0101528539664,0.06449393386,0.00313915964956,0.00584428326714 
273,0.863792913854,0.0127669885908,0.110981485466,0.0052101843071,0.00724842778133 
274,0.900857538275,0.0106790682533,0.0788445430281,0.00353618271001,0.00608266773351 
275,0.915519123236,0.010011450539,0.0656822044438,0.00304507510354,0.00574214667743 
276,0.863419987819,0.0143006674498,0.107436346177,0.00656352105685,0.00827947749678 
277,0.782355818382,0.0199982268559,0.171795818063,0.0141511540783,0.0116989826208 
278,0.921052391269,0.00969728521401,0.0608292149371,0.00284739246423,0.00557371611605 
279,0.932776572862,0.00855689987785,0.0515647932039,0.00220176550058,0.00489996855604 
280,0.886237898124,0.0120767850685,0.0902433810519,0.00451584048722,0.00692609526873 
281,0.913666920825,0.00965560632222,0.0683297409545,0.0028602067164,0.00548752518224 
282,0.91767560188,0.00927211932557,0.0651511869359,0.00264156992859,0.0052595219296 
283,0.848402723584,0.0141239971197,0.122970030115,0.00643245569471,0.00807079348712 
284,0.92593899472,0.00915867066857,0.0571138591366,0.00253975117676,0.0052487242983 
285,0.915077081396,0.00949222968652,0.0672726877322,0.00277003288029,0.0053879683048 
286,0.917904957468,0.00930375316611,0.0648508609363,0.00265804814425,0.00528238028515 
287,0.781867174762,0.0193160926008,0.174587534034,0.0129967532772,0.0112324453267 
288,0.872535213055,0.013514902548,0.100369798221,0.0057734481143,0.00780663806113 
289,0.918414024533,0.00940206048624,0.0641299669548,0.00270127297037,0.00535267505587 
290,0.910825096676,0.00975655894842,0.0709474022338,0.00293665752271,0.00553428461959 
291,0.921251299054,0.00970966339423,0.0605998646461,0.00285548317206,0.0055836897335 
292,0.931319495436,0.00873356980258,0.0526463894203,0.00229344292395,0.00500710241671 
293,0.923321167436,0.00964013639405,0.0586810027144,0.00280341283136,0.00555428062415 
294,0.873159708394,0.0128303010427,0.101475822454,0.00518641226544,0.00734775584375 
295,0.91487610497,0.00949154111185,0.0674759540867,0.00277034733277,0.00538605249847 
296,0.848402723584,0.0141239971197,0.122970030115,0.00643245569471,0.00807079348712 
297,0.911036072025,0.00975763092656,0.0707332223123,0.00293659046878,0.00553648426745 
298,0.843278062131,0.0143208390244,0.127530042713,0.00669841861443,0.00817263751752 
299,0.921942103351,0.00902074276586,0.0614282952777,0.00248536020689,0.00512349839865 
300,0.925714619318,0.00915056100407,0.0573582845976,0.00253511627213,0.00524141880836 
301,0.91566039877,0.00949516071341,0.0666804516219,0.00276981586139,0.00539417303373 
302,0.930788802147,0.0086717690912,0.0533167018911,0.00226194699129,0.00496077987962 
303,0.921830734829,0.00942990433023,0.0606404096516,0.00270047929235,0.0053984718965 
304,0.918338960162,0.00928886426083,0.0644572129034,0.002638748036,0.00527621463811 
305,0.820969254472,0.0158404413512,0.145665345782,0.00845261975011,0.00907233864469 
306,0.915734163495,0.00930638955814,0.067022878078,0.00266826617685,0.00526830269215 
307,0.925927888122,0.00915825203564,0.0571259996485,0.00253950931578,0.00524835087797 
308,0.930566544675,0.00866768491153,0.0535493000052,0.0022603282175,0.0049561421905 
309,0.918602071624,0.00928960015558,0.0641914671847,0.0026381880736,0.00527867296181 
310,0.891059001143,0.0117252051718,0.0862402947675,0.00425460486306,0.00672089405506 
311,0.925453644742,0.00914200042438,0.0576404822366,0.00253035284606,0.00523351975147 
312,0.923321167436,0.00964013639405,0.0586810027144,0.00280341283136,0.00555428062415 
313,0.885833073278,0.0125691633171,0.0894533324186,0.00488707127923,0.0072573597069 
314,0.91346648722,0.00965409159637,0.0685344014706,0.00285995673185,0.0054850629812 
315,0.818698689728,0.0162590797978,0.146986175618,0.00870651321451,0.00934954164196 
316,0.922983870347,0.00899130344464,0.060449064075,0.0024638466399,0.00511191549374 
317,0.919687882086,0.00920682460209,0.0632819068301,0.00259221944236,0.00523116703916 
318,0.893273866755,0.0113442727779,0.0848820552559,0.00402271627355,0.00647708893805 
319,0.877547804436,0.0133707146147,0.0957296807338,0.0056081301667,0.00774367004916 
320,0.912817883179,0.00965758572009,0.0691699646521,0.0028722933142,0.00548227313472 
321,0.92552585856,0.00905053707162,0.0577719007679,0.00247927559841,0.00517242800202 
322,0.782342283976,0.0199953381192,0.171819491998,0.0141459407904,0.0116969451166 
323,0.782342283976,0.0199953381192,0.171819491998,0.0141459407904,0.0116969451166 
324,0.923462374227,0.00925659297568,0.0593854249427,0.00260113714573,0.00529447070904 
325,0.931319495436,0.00873356980258,0.0526463894203,0.00229344292395,0.00500710241671 
326,0.931319495436,0.00873356980258,0.0526463894203,0.00229344292395,0.00500710241671 
327,0.910202291829,0.00988005280199,0.0712893367984,0.00301614988697,0.00561216868374 
328,0.913846460292,0.0095237323783,0.0684347205451,0.00279511082371,0.00539997596099 
329,0.912397311458,0.00982283285176,0.0692178124621,0.00297226867536,0.00558977455321 
330,0.865644088493,0.0126366361148,0.109467037571,0.0050795529212,0.0071726848999 
331,0.912993076015,0.00958197253983,0.0691707115969,0.00282082220082,0.00543341764738 
332,0.877461051889,0.0133599271992,0.0958459765554,0.00559726112876,0.00773578322721 
333,0.925335209103,0.00908491079007,0.0578872447038,0.00249858674484,0.00519404865837 
334,0.899857617463,0.0108077782222,0.0795500657622,0.00362231039013,0.00616222816196 
335,0.831887160675,0.0150490522327,0.136969092914,0.00749523044106,0.00859946373721 
336,0.921358659053,0.00946142328532,0.0610444065641,0.00271954274182,0.00541596835596 
337,0.872136192857,0.0133262555167,0.101272175531,0.00558846963343,0.007676906462 
338,0.914724319124,0.00961035115192,0.0673584974026,0.00284261131945,0.00546422100221 
339,0.834607596593,0.0149196269783,0.134601611103,0.00734402790849,0.00852713741731 
340,0.919889020218,0.00919771595691,0.0631025293521,0.00258398796663,0.00522674650613 
341,0.92310735733,0.00948444580591,0.0592530131305,0.00270811352812,0.00544707020592 
342,0.925927888122,0.00915825203564,0.0571259996485,0.00253950931578,0.00524835087797 
343,0.842421519879,0.0143993324819,0.128194314431,0.0067636832132,0.00822114999423 
344,0.91233729279,0.00982192008557,0.0692802345437,0.00297182010545,0.00558873247558 
345,0.925841411739,0.00915505473249,0.0572203763011,0.00253767116969,0.00524548605803 
346,0.909816321245,0.00987636429096,0.0716854410041,0.00301487262118,0.00560700083842 
347,0.911297838218,0.00980902802012,0.0703540781177,0.00296636516553,0.00557269047907 
348,0.883429643463,0.0121441467415,0.0928794059595,0.00459473228335,0.00695207155283 
349,0.911307978525,0.00955917706036,0.0709015057209,0.00282560418285,0.00540573451117 
350,0.914049851364,0.00952409931027,0.0682297851632,0.00279458765542,0.0054016765067 
351,0.920725051745,0.00910836277286,0.0624577300511,0.00253586295367,0.00517299247699 
352,0.798084550562,0.0186129868113,0.16062334675,0.0118420491152,0.0108370667616 
353,0.91008590837,0.00987731623797,0.0714160616219,0.00301095070631,0.00560976306353 
354,0.931326766779,0.00873381844462,0.052638511718,0.00229357008854,0.00500733296987 
355,0.913019377574,0.00965882585731,0.0689648593327,0.00287239495392,0.00548454228191 
356,0.873504064508,0.013457928236,0.0995443222824,0.00571923840225,0.00777444657174 
357,0.900057059237,0.0109683407188,0.0789655650301,0.00373793063697,0.00627110437734 
358,0.899393044931,0.011011486956,0.0795300694209,0.00376994943472,0.0062954492574 
359,0.893634281543,0.0114637791528,0.0843034932672,0.00403501328105,0.00656343275613 
360,0.90661985296,0.010419108323,0.0736654496869,0.00334673124363,0.00594885778608 
361,0.931336452881,0.00873415103809,0.0526280146463,0.00229374039984,0.00500764103498 
362,0.856315778569,0.0133677203581,0.116939572878,0.00577038112782,0.00760654706702 
363,0.915315155985,0.00948647102099,0.0670535880958,0.00275850730639,0.00538627759161 
364,0.927235524368,0.00890153754698,0.0563791039974,0.00239812269465,0.00508571139314 
365,0.931234234487,0.00873071967325,0.0527386067135,0.0022919952152,0.00500444391065 
366,0.871259129263,0.0132121246399,0.102483386792,0.00544947644969,0.00759588285569 
367,0.916854933688,0.00964829052838,0.0651525735816,0.00283737053418,0.00550683166808 
368,0.855249109826,0.0134252065755,0.117937922368,0.00574552841008,0.00764223281967 
369,0.87307477358,0.0134136578873,0.100095183615,0.00567458148747,0.00774180342996 
370,0.912316147683,0.00991583446262,0.0691076356671,0.00300766637802,0.00565271580928 
371,0.922527946054,0.00905044550583,0.0607771119692,0.00249640084481,0.00514809562566 
372,0.902722121006,0.0105394998522,0.0772980185646,0.00343835521733,0.00600200535994 
373,0.931326766779,0.00873381844462,0.052638511718,0.00229357008854,0.00500733296987 
374,0.907554841358,0.00997607050308,0.0737325020569,0.00307848704895,0.00565809903335 
375,0.782335511941,0.0199938944193,0.171831330591,0.0141433362224,0.011695926826 
376,0.917335602032,0.00939327374126,0.06523283833,0.00269956425602,0.00533872164104 
377,0.911843051238,0.00972529564646,0.0699960753382,0.0029149923416,0.00552058543527 
378,0.9194459424,0.00933994824877,0.0632317976595,0.00266350398242,0.00531880770933 
379,0.916281424689,0.00952883090011,0.0659886069694,0.00277938862369,0.00542174881764 
380,0.893619694602,0.0114631242216,0.0843197446422,0.00403454232771,0.0065628942067 
381,0.920800095157,0.00974426125576,0.0609752151577,0.00287700218005,0.00560342624932 
382,0.881982334228,0.0129338335173,0.0923872493788,0.00521935844691,0.00747722442902 
383,0.852521088732,0.0149737152909,0.116544565919,0.00729366626644,0.0086669637918 
384,0.885503744436,0.0125376610223,0.0898658386732,0.00485894006305,0.00723381580588 
385,0.914950027684,0.00951928847859,0.0673469263783,0.00277817016496,0.0054055872945 
386,0.913546634916,0.00960101468044,0.0685625144014,0.00284035683989,0.00544947916238 
387,0.863874118302,0.0143596311154,0.106813497374,0.00663054623139,0.00832220697779 
388,0.919213590892,0.00924357929924,0.063670383879,0.00262061982189,0.00525182610828 
389,0.931319495436,0.00873356980258,0.0526463894203,0.00229344292395,0.00500710241671 
390,0.925947316923,0.00915898555771,0.0571047593116,0.00253993327747,0.00524900493035 
391,0.8555147889,0.01293669379,0.11886885065,0.00536231567837,0.00731735098206 
392,0.7629079018,0.0208340154063,0.188351087035,0.0157345200796,0.0121724756791 
393,0.931326766779,0.00873381844462,0.052638511718,0.00229357008854,0.00500733296987 
394,0.830515686703,0.0151147122603,0.13816054219,0.00757280921824,0.00863624962868 
395,0.917904957468,0.00930375316611,0.0648508609363,0.00265804814425,0.00528238028515 
396,0.911535648678,0.00955827268125,0.0706753356943,0.00282402519956,0.00540671774703 
397,0.865982662704,0.0126658776693,0.109040934238,0.00511705228945,0.00719347309927 
398,0.893739935779,0.0116708013274,0.0836941044108,0.00419167268295,0.00670348579953 
399,0.914686815685,0.00962684302169,0.0673701323899,0.00284052520831,0.00547568369493 
400,0.909587726505,0.00991454022061,0.0718279737377,0.00303886974328,0.00563088979334 
401,0.927268846881,0.00922362107018,0.0556472906629,0.00255507263668,0.00530516874888 
402,0.915900064249,0.00949679443448,0.0664360744113,0.00277004815185,0.00539701875356 
403,0.914053544338,0.00965904330124,0.0679337021843,0.00286108014069,0.00549263003623 
404,0.863854480163,0.0143569945035,0.10684069977,0.00662752633593,0.00832029922764 
405,0.911135119665,0.0105432456644,0.0688517784598,0.00340253608684,0.00606732012435 
406,0.915469184059,0.00949404121438,0.0668749768161,0.00276976839595,0.00539202951475 
407,0.92131106975,0.0094598419895,0.061095950694,0.00271860907755,0.00541452848921 
408,0.914716125201,0.0094850423497,0.0676577935242,0.00276007099648,0.00538096792867 
409,0.922655544004,0.00905098887275,0.0606477610088,0.00249625853131,0.00514944758361 
410,0.799819930692,0.0185384716866,0.159120923545,0.0117251645937,0.0107955094829 
411,0.869304063438,0.0123952219085,0.106407511063,0.00485995404159,0.00703324954858 
412,0.925335209103,0.00908491079007,0.0578872447038,0.00249858674484,0.00519404865837 
413,0.913678662632,0.00955691912709,0.068528917983,0.00281455174272,0.00542094851531 
414,0.925947316923,0.00915898555771,0.0571047593116,0.00253993327747,0.00524900493035 
415,0.918786815076,0.00919744846805,0.0642091344196,0.00258830446463,0.00521829757128 
416,0.931326766779,0.00873381844462,0.052638511718,0.00229357008854,0.00500733296987 
417,0.91815476507,0.00928852256386,0.0646428347555,0.00263926389729,0.00527461371334 
418,0.911036072025,0.00975763092656,0.0707332223123,0.00293659046878,0.00553648426745 
419,0.930770228014,0.00867140643392,0.0533361900241,0.00226179790543,0.00496037762225 
420,0.908489988771,0.0102199540176,0.0722594775689,0.00320129113911,0.00582928850342 
421,0.919705175863,0.0092289279629,0.0632181797895,0.00260142826761,0.00524628811727 
422,0.87755644401,0.0133717983029,0.0957180716425,0.00560922407668,0.00774446196805 
423,0.87755644401,0.0133717983029,0.0957180716425,0.00560922407668,0.00774446196805 
424,0.929538796747,0.00880515540712,0.0542759149652,0.00234018584682,0.00503994703377 
425,0.908918463339,0.0101790511968,0.0719231738229,0.00317438118155,0.00580493045945 
426,0.849708103866,0.0140691619573,0.121806640255,0.00637479309768,0.00804130082334 
427,0.916726721785,0.0101811219649,0.0640664198822,0.00315952376158,0.00586621260646 
428,0.877360484992,0.0133476324013,0.0959801786526,0.00558491814117,0.00772678581264 
429,0.869563709511,0.0124017543047,0.106131128467,0.00486434036619,0.00703906735135 
430,0.863864302959,0.0143583122903,0.106827096567,0.00662903542407,0.00832125276027 
431,0.908576202823,0.0102220717154,0.07216789117,0.00320250941795,0.00583132487357 
432,0.91346648722,0.00965409159637,0.0685344014706,0.00285995673185,0.0054850629812 
433,0.911245138734,0.00975885747321,0.070520574371,0.00293665195744,0.00553877746423 
434,0.923475205463,0.00888025399084,0.0601960872036,0.00240742491473,0.00504102842737 
435,0.876920806745,0.0130917487425,0.0970917916108,0.0053449386882,0.00755071421371 
436,0.877360484992,0.0133476324013,0.0959801786526,0.00558491814117,0.00772678581264 
437,0.934427806521,0.00841815752103,0.0502066509308,0.00212676955392,0.00482061547313 
438,0.922362518935,0.00904986618905,0.0609445139516,0.00249667160109,0.00514642932323 
439,0.867496117089,0.0139098760368,0.104429262135,0.00612213621674,0.00804260852215 
440,0.931290352065,0.0087325821076,0.0526779422492,0.00229293913253,0.00500618444585 
441,0.873702721209,0.0128618864711,0.100848359554,0.00521479413338,0.0073722386322 
442,0.916859283676,0.00949720017303,0.0654790247145,0.00275965599237,0.00540483544411 
443,0.913023579502,0.00988401349274,0.0684690817925,0.0029867772618,0.0056365479507 
444,0.913056370883,0.00955584177373,0.0691557983542,0.00281619259082,0.00541579639851 
445,0.920894593172,0.00913797096371,0.0622246530758,0.00254848048772,0.00519430230116 
446,0.915849843905,0.00949643032036,0.0664873352112,0.00276998313244,0.00539640743153 
447,0.930780697825,0.00871744562879,0.0532247177056,0.00228554052983,0.0049915983104 
448,0.894526101597,0.0116269743628,0.0830098765151,0.00415764618009,0.006679401345 
449,0.8834993417,0.0123854637703,0.092203760092,0.00479682527258,0.00711460916465 
450,0.869615410216,0.0124030797395,0.106076027508,0.0048652397283,0.00704024280784 
451,0.852526765554,0.014974414794,0.11653684069,0.00729450902935,0.00866746993331 
452,0.932883135743,0.00839748654433,0.0518051166582,0.00212099847326,0.00479326258106 
453,0.911245138734,0.00975885747321,0.070520574371,0.00293665195744,0.00553877746423 
454,0.872084951821,0.0134688146026,0.100946851635,0.00572672773017,0.00777265421155 
455,0.91566039877,0.00949516071341,0.0666804516219,0.00276981586139,0.00539417303373 
456,0.91886129299,0.00925827620073,0.0640005213391,0.00262029167101,0.00525961779883 
457,0.913039754238,0.00988435214966,0.0684520449108,0.00298695481823,0.00563689388338 
458,0.870564531936,0.0125371350513,0.104791324681,0.00497202470754,0.00713498362367 
459,0.927268040303,0.00900535108022,0.0561251560945,0.00244481031959,0.00515664220263 
460,0.799805894939,0.0185361268409,0.159142614173,0.0117215190629,0.0107938449842 
461,0.917465430277,0.00939517427063,0.0650955393624,0.00270308996179,0.00534076612834 
462,0.911000898437,0.00972127492881,0.0708504100591,0.0029154593644,0.00551195721044 
463,0.873508925825,0.0134584466902,0.0995380340729,0.0057197653716,0.00777482804014 
464,0.854550954999,0.0131809281936,0.119190570611,0.00560448981718,0.00747305637987 
465,0.914049851364,0.00952409931027,0.0682297851632,0.00279458765542,0.0054016765067 
466,0.91799593522,0.00936396853808,0.0646322904325,0.00268400050373,0.00532380530585 
467,0.842559031473,0.0145444698725,0.127659380613,0.00691851585376,0.00831860218769 
