ID,Adoption,Died,Euthanasia,Return_to_owner,Transfer
1,0.0713643200876,0.633965582366,0.220677620084,0.0137780533627,0.0602144240993 
2,0.132855980883,0.642171385004,0.187030399308,0.00668791661129,0.0312543181946 
3,0.0346608352042,0.630997832706,0.278947141303,0.0311435316832,0.0242506591031 
4,0.0834738828306,0.62427734987,0.265394195716,0.0160312861727,0.0108232854099 
5,0.121396876309,0.607661742687,0.241159194538,0.0121214600941,0.0176607263729 
6,0.059987242953,0.816956248337,0.0961538047169,0.00542509563877,0.0214776083538 
7,0.0560377171274,0.733278114695,0.163246624607,0.0126662237559,0.0347713198148 
8,0.0476110853691,0.507394120011,0.327812199735,0.0477184368897,0.0694641579952 
9,0.130809808177,0.632581344369,0.197133836939,0.00690355330513,0.0325714572102 
10,0.0713474836001,0.662107657516,0.171756714151,0.0133888281564,0.0813993165771 
11,0.105730165553,0.590411832695,0.225151149457,0.0117583759013,0.0669484763926 
12,0.058928681926,0.682620966629,0.18089618859,0.0148924022937,0.0626617605615 
13,0.103991922453,0.558768664909,0.253971033569,0.0294721387057,0.053796240363 
14,0.134991032386,0.767336085189,0.0834525653037,0.00434421636522,0.00987610075621 
15,0.0903981604941,0.770147521607,0.121916572479,0.00377820288832,0.0137595425314 
16,0.170529049613,0.526843162381,0.265801237542,0.0119418357971,0.0248847146668 
17,0.0841920417257,0.76865698323,0.123384800909,0.00475933086746,0.0190068432684 
18,0.0866812984105,0.790367347844,0.106786492426,0.00352619947441,0.0126386618444 
19,0.0478546717232,0.519377868121,0.317548114948,0.0479369432791,0.0672824019288 
20,0.0468216980965,0.73021653488,0.16562385192,0.0264793117861,0.0308586033173 
21,0.0897643760043,0.374045266497,0.441285300516,0.03169113434,0.0632139226418 
22,0.0832287643358,0.550097090725,0.309000084001,0.0206002766755,0.0370737842634 
23,0.0787477349618,0.75598179211,0.138395626392,0.00526647968364,0.0216083668526 
24,0.0459218633066,0.695341444589,0.194438815035,0.0285106936402,0.0357871834299 
25,0.160347135114,0.547781520474,0.254451003295,0.0128221431541,0.0245981979627 
26,0.0473972602973,0.822650305365,0.105233399074,0.0105858349285,0.0141332003346 
27,0.0475823302907,0.505856901955,0.329132029889,0.0476829148561,0.0697458230085 
28,0.0592012507816,0.869238428415,0.0608921004885,0.00546516836517,0.00520305194954 
29,0.0833469363704,0.757683078224,0.133717729209,0.00500540783956,0.0202468483575 
30,0.128344038808,0.590878262338,0.250988751952,0.0118540510483,0.0179348958538 
31,0.113950883794,0.791835914078,0.0676112533291,0.00410854911092,0.0224933996877 
32,0.130733856655,0.632223583574,0.197511130803,0.00691145059991,0.0326199783677 
33,0.0472893414746,0.827492433135,0.101204315672,0.0103813348999,0.0136325748177 
34,0.0518142331371,0.633679619835,0.248767205707,0.015706110906,0.0500328304156 
35,0.0344665642454,0.499575742907,0.363643602789,0.0608098293897,0.0415042606689 
36,0.0559255086402,0.817272499854,0.0972301480847,0.00596613299517,0.0236057104258 
37,0.0471631894611,0.83209409467,0.0973991349215,0.0101859585115,0.0131576224355 
38,0.0819775170703,0.740838935131,0.149700542975,0.00537040802189,0.0221125968025 
39,0.160823897676,0.558947930751,0.244012202045,0.0127484225228,0.0234675470051 
40,0.0689306718154,0.867142136196,0.0514184009803,0.0045196208897,0.00798917011821 
41,0.122389433281,0.504539477191,0.318571777221,0.0245332465244,0.029966065783 
42,0.0404480526385,0.81566218416,0.121229121703,0.0139757098858,0.00868493161306 
43,0.0548770831254,0.450221738437,0.369465183406,0.0198803512735,0.105555643758 
44,0.041983125538,0.810750256141,0.125180045291,0.0133776446476,0.00870892838254 
45,0.0472893414746,0.827492433135,0.101204315672,0.0103813348999,0.0136325748177 
46,0.202732532017,0.653497543061,0.122297811561,0.00567887629427,0.0157932370665 
47,0.0431123475417,0.534338593054,0.274494600915,0.0242665099972,0.123787948492 
48,0.0559962045644,0.821981222924,0.0933692588701,0.00582159693987,0.0228317167017 
49,0.109631730717,0.611442534797,0.205347206041,0.0111684693025,0.0624100591425 
50,0.0517844796205,0.787400061874,0.143514671038,0.0122464779429,0.00505430952456 
51,0.0483946525396,0.643779277714,0.255249251769,0.018185594247,0.0343912237308 
52,0.122086594559,0.630248419397,0.183775694333,0.0100479711082,0.0538413206031 
53,0.0345632432833,0.625193653664,0.284253975751,0.0312878670537,0.0247012602484 
54,0.0397095928799,0.47428070511,0.359903659867,0.0288898112799,0.0972162308635 
55,0.0717517313311,0.705760567776,0.168878303059,0.0103115154135,0.0432978824203 
56,0.0463736489618,0.591996860594,0.230502222634,0.0224078033614,0.10871946445 
57,0.059758371045,0.807323371576,0.104274073989,0.00570081902807,0.0229433643619 
58,0.0459218633066,0.695341444589,0.194438815035,0.0285106936402,0.0357871834299 
59,0.0464088298088,0.713156466046,0.179660947338,0.0275050630425,0.0332686937641 
60,0.13876878521,0.600483787974,0.237929213054,0.00963543353287,0.0131827802288 
61,0.0760185931746,0.869023796801,0.0457390113967,0.00177741770542,0.00744118092217 
62,0.0731102657383,0.789854712492,0.112296045453,0.00492899048729,0.01980998583 
63,0.0600546839686,0.51198479653,0.385391369568,0.0196667039784,0.0229024459556 
64,0.0404454413771,0.81588022065,0.121037858577,0.0139650814732,0.00867139792321 
65,0.040434687433,0.81674748738,0.120277466239,0.0139227733903,0.00861758555755 
66,0.112455604391,0.582704232015,0.229473655404,0.0114198489982,0.0639466591906 
67,0.0475880179952,0.506163385393,0.328868830547,0.0476901328176,0.069689633247 
68,0.105221054299,0.658634750629,0.186075388745,0.010061364916,0.0400074414118 
69,0.0578719754787,0.817319453583,0.0966253467142,0.00568273266505,0.0225004915587 
70,0.0461765787614,0.704428707201,0.186886198781,0.028006197396,0.0345023178605 
71,0.0996473757901,0.81850213758,0.0673541761785,0.0028376483662,0.0116586620852 
72,0.0707926994743,0.656763747431,0.175886289114,0.0135687909939,0.0829884729875 
73,0.0628575594574,0.707170659397,0.162736838266,0.0129182746487,0.0543166682311 
74,0.0754713726147,0.722004899525,0.17266484318,0.0141709775852,0.0156879070949 
75,0.0596853210184,0.716023314397,0.153084394918,0.0139996861777,0.0572072834883 
76,0.0344665642454,0.499575742907,0.363643602789,0.0608098293897,0.0415042606689 
77,0.0475823302907,0.505856901955,0.329132029889,0.0476829148561,0.0697458230085 
78,0.0790117091466,0.747057381406,0.152277322569,0.00763638970494,0.0140171971739 
79,0.118662336572,0.631395143448,0.209355117165,0.0168897841551,0.0236976186604 
80,0.0578416082415,0.719500910251,0.192947980827,0.00828326314767,0.0214262375322 
81,0.0404480526385,0.81566218416,0.121229121703,0.0139757098858,0.00868493161306 
82,0.0606977943433,0.712742466217,0.15647919117,0.0136503996511,0.0564301486184 
83,0.0577756005014,0.812503996582,0.100634028471,0.00582509326484,0.0232612811815 
84,0.0741100440764,0.758138260977,0.145610410984,0.00567009650546,0.0164711874573 
85,0.116079556515,0.648792360421,0.20755087186,0.0119161769681,0.0156610342357 
86,0.0650967437414,0.764083380667,0.139840243278,0.00864485078208,0.022334781531 
87,0.0618597807595,0.673439716458,0.188365126947,0.0145372558886,0.0617981199463 
88,0.104067597107,0.560629123963,0.252442082545,0.0294801833763,0.0533810130084 
89,0.0461765787614,0.704428707201,0.186886198781,0.028006197396,0.0345023178605 
90,0.0475880179952,0.506163385393,0.328868830547,0.0476901328176,0.069689633247 
91,0.0640754280474,0.776338202166,0.130229660557,0.00847717582949,0.0208795333997 
92,0.0625770162907,0.760894793656,0.158642589854,0.00922418998659,0.00866141021311 
93,0.0508193167166,0.49114326144,0.341637771283,0.0461637495986,0.0702359009619 
94,0.128828180407,0.596695601458,0.245169747459,0.0117658463511,0.0175406243254 
95,0.0583814445526,0.704620655504,0.160173228871,0.0216070151447,0.0552176559283 
96,0.114432637337,0.624560502132,0.231230096607,0.0123949864367,0.0173817774867 
97,0.155909170679,0.489989907896,0.291265190656,0.0184702155997,0.0443655151689 
98,0.0404454413771,0.81588022065,0.121037858577,0.0139650814732,0.00867139792321 
99,0.0344665642454,0.499575742907,0.363643602789,0.0608098293897,0.0415042606689 
100,0.139672811501,0.512156025226,0.279254906751,0.0216581393334,0.0472581171889 
101,0.0597887996754,0.507241215086,0.390105996063,0.0196639197943,0.0232000693818 
102,0.0894546005273,0.370365917293,0.444956401872,0.0315550687077,0.0636680115999 
103,0.132588899277,0.629590716479,0.216197893679,0.00951131639679,0.0121111741679 
104,0.0559255086402,0.817272499854,0.0972301480847,0.00596613299517,0.0236057104258 
105,0.0476567394007,0.509774794086,0.325769621639,0.0477700899855,0.0690287548886 
106,0.127876986654,0.585175920248,0.256692261385,0.0119344657478,0.0183203659651 
107,0.133070751768,0.635763359824,0.20998662636,0.00940036612654,0.0117788959223 
108,0.0623546401391,0.681289423251,0.18198803359,0.0142772930137,0.0600906100059 
109,0.0563257854636,0.569890091934,0.305956730192,0.0310149620419,0.0368124303684 
110,0.0511420624408,0.504435503861,0.330099060655,0.0464616629959,0.0678617100471 
111,0.0733715370197,0.681454409137,0.156910380908,0.0127121027053,0.0755515702306 
112,0.0559255086402,0.817272499854,0.0972301480847,0.00596613299517,0.0236057104258 
113,0.1202408323,0.702629367504,0.159233852162,0.00873912046745,0.00915682756667 
114,0.121833979937,0.613506849205,0.235378634016,0.0120250050541,0.0172555317884 
115,0.059754398891,0.719049881587,0.150769689449,0.0138895181709,0.0565365119025 
116,0.0936839327106,0.66707348087,0.208702070788,0.0134210662136,0.0171194494178 
117,0.144870436592,0.497063779955,0.290023004787,0.0204944967692,0.0475482818967 
118,0.0559866576045,0.847937011653,0.0843446229397,0.00409975712517,0.00763195067729 
119,0.0576789524005,0.881019242404,0.0503486179824,0.00273000103331,0.00822318618016 
120,0.0494913815338,0.82142211747,0.105398648252,0.0100018081778,0.0136860445658 
121,0.0475823302907,0.505856901955,0.329132029889,0.0476829148561,0.0697458230085 
122,0.0345632432833,0.625193653664,0.284253975751,0.0312878670537,0.0247012602484 
123,0.0362744633645,0.615851975166,0.293408725693,0.029866936497,0.0245978992795 
124,0.0459218633066,0.695341444589,0.194438815035,0.0285106936402,0.0357871834299 
125,0.0870330025199,0.835166474561,0.069389662304,0.00423360018402,0.00417726043059 
126,0.0747370774348,0.805563547525,0.103006903571,0.00363192147096,0.0130605499984 
127,0.0466764869424,0.844718779596,0.0870969336796,0.00964738500424,0.0118604147783 
128,0.0417386091505,0.51064226389,0.293044063246,0.0249208824767,0.129654181236 
129,0.0345632432833,0.625193653664,0.284253975751,0.0312878670537,0.0247012602484 
130,0.0362744633645,0.615851975166,0.293408725693,0.029866936497,0.0245978992795 
131,0.114432637337,0.624560502132,0.231230096607,0.0123949864367,0.0173817774867 
132,0.0345632432833,0.625193653664,0.284253975751,0.0312878670537,0.0247012602484 
133,0.0474735563948,0.818368177315,0.10881623327,0.0107655349769,0.0145764980428 
134,0.165736835652,0.541839113941,0.255804858652,0.0123452525057,0.0242739392499 
135,0.0485137797265,0.545995169794,0.294912253391,0.0480556632274,0.0625231338602 
136,0.0853555639769,0.641274244075,0.187228019417,0.0124643720723,0.073677800459 
137,0.0536058999447,0.667823140687,0.218989325716,0.0147239370482,0.0448576966041 
138,0.0831641790212,0.549490646854,0.309593996807,0.0206141341417,0.0371370431758 
139,0.0876759846078,0.771193666106,0.106407587458,0.00612848474776,0.0285942770799 
140,0.0598829166703,0.812249584161,0.100111525241,0.00556049596409,0.0221954779641 
141,0.11595185096,0.539706708402,0.265420438588,0.0266886704454,0.0522323316043 
142,0.0391061116228,0.481491259227,0.352458140382,0.0297366664682,0.0972078223008 
143,0.105080260279,0.580613596723,0.23586854933,0.0293928523372,0.0490447413309 
144,0.162252126421,0.500884016207,0.278558078154,0.017521696372,0.0407840828458 
145,0.0640899574724,0.678125561931,0.159089250309,0.0138667885879,0.0848284416998 
146,0.0663972490483,0.704288116992,0.140177146602,0.0128885335016,0.0762489538561 
147,0.0353291687777,0.667983581494,0.245313741134,0.0299367687833,0.0214367398114 
148,0.0849228611112,0.778743831853,0.113954306213,0.00452756750856,0.0178514333142 
149,0.0461765787614,0.704428707201,0.186886198781,0.028006197396,0.0345023178605 
150,0.0437276762759,0.543883507103,0.374704285802,0.0237757968173,0.013908734002 
151,0.0572884807609,0.766880084731,0.102502349606,0.0108363919983,0.0624926929037 
152,0.0658727843553,0.767652753046,0.137180785961,0.00815135230273,0.0211423243349 
153,0.16056252043,0.475329314606,0.302030876652,0.0174937112961,0.0445835770158 
154,0.0677743559858,0.75592946596,0.153530233199,0.00614567539142,0.0166202694633 
155,0.124806333028,0.702031257672,0.125564908142,0.0123218512871,0.0352756498708 
156,0.124131452778,0.64701386146,0.189019957982,0.00691992633739,0.0329148014425 
157,0.0841920417257,0.76865698323,0.123384800909,0.00475933086746,0.0190068432684 
158,0.0459389763594,0.695938646712,0.193941562054,0.0284780843736,0.035702730501 
159,0.0478546717232,0.519377868121,0.317548114948,0.0479369432791,0.0672824019288 
160,0.0646552170178,0.750461493731,0.154890425518,0.0148326769686,0.0151601867649 
161,0.106389421201,0.695856812137,0.158191116583,0.00680266720017,0.0327599828786 
162,0.0612576785563,0.844808552541,0.0787885483034,0.00345264223947,0.0116925783602 
163,0.104137014547,0.737822685765,0.123238446097,0.0128135607844,0.0219882928055 
164,0.0475823302907,0.505856901955,0.329132029889,0.0476829148561,0.0697458230085 
165,0.0719470534237,0.82575754144,0.0872916182539,0.00333996470062,0.0116638221815 
166,0.0416617583345,0.509320242714,0.294087830086,0.0249553364625,0.129974832402 
167,0.0590927581428,0.850335967471,0.0755553248517,0.00346237755376,0.0115535719804 
168,0.0720119567179,0.668483344228,0.166846429497,0.0131701441764,0.0794881253802 
169,0.0713709559867,0.7751914653,0.135046770854,0.0098393803368,0.0085514275225 
170,0.0751923218933,0.711788614139,0.182023462265,0.0144639883495,0.0165316133528 
171,0.0749754077317,0.76780963186,0.13686571494,0.00528508948111,0.0150641559864 
172,0.095816356924,0.621116932275,0.2016753726,0.0119868531014,0.0694044850996 
173,0.104613897035,0.572233736362,0.242849118342,0.0294671383837,0.0508361098775 
174,0.104834006487,0.576313505862,0.239455659626,0.0294375350294,0.0499592929957 
175,0.107510664377,0.641463071676,0.221252625218,0.0126744470175,0.0170991917119 
176,0.0561752826631,0.598795480818,0.303967905377,0.0115453558945,0.0295159752475 
177,0.0742079322812,0.816201118459,0.0888952444519,0.00426337193555,0.016432332872 
178,0.0601763151652,0.596581808021,0.294564998952,0.0106390796384,0.0380377982232 
179,0.0667489138018,0.844192367086,0.051815870221,0.00509171689392,0.0321511319974 
180,0.0996804525531,0.819253449512,0.0666749201472,0.00282009406304,0.0115710837245 
181,0.0404480526385,0.81566218416,0.121229121703,0.0139757098858,0.00868493161306 
182,0.0344665642454,0.499575742907,0.363643602789,0.0608098293897,0.0415042606689 
183,0.072231451082,0.773765510937,0.126859956326,0.00531776851703,0.0218253131384 
184,0.117940002977,0.592144426786,0.256977366534,0.0175628525541,0.0153753511491 
185,0.0726824282713,0.67489161373,0.161928742751,0.0129460375023,0.0775511777449 
186,0.0906438142109,0.741353229577,0.129237091516,0.00666442322292,0.0321014414729 
187,0.0723423102148,0.686018988034,0.186710029515,0.0104644410346,0.0444642312012 
188,0.155730975034,0.486757770822,0.294187052518,0.0184569369713,0.0448672646554 
189,0.0744378633737,0.750539937863,0.129905677617,0.00751436406754,0.0376021570792 
190,0.160250948032,0.544819907011,0.257196036562,0.0128345149589,0.0248985934358 
191,0.116767624049,0.555604035412,0.251963042513,0.0266956198812,0.0489696781448 
192,0.0652369365715,0.691160193959,0.149631518384,0.0133884100263,0.0805829410598 
193,0.076760048979,0.601222464791,0.252917437364,0.0363903312454,0.0327097176206 
194,0.143959160366,0.74971170295,0.0913811781797,0.00445189738695,0.0104960611173 
195,0.0940980469893,0.610231960989,0.211391955754,0.0123043394492,0.0719736968188 
196,0.0346012020282,0.627470336094,0.282171505718,0.0312327949397,0.02452416122 
197,0.131700455447,0.636766967636,0.192721747481,0.00681037152696,0.0320004579079 
198,0.0577756005014,0.812503996582,0.100634028471,0.00582509326484,0.0232612811815 
199,0.135214235278,0.653113174282,0.175525723998,0.00643262890894,0.0297142375325 
200,0.100396288626,0.652502982326,0.216782629918,0.0130759399084,0.0172421592207 
201,0.0459275751604,0.695540578089,0.194272995021,0.0284998288377,0.0357590228914 
202,0.0911673081383,0.390028401438,0.425389012015,0.0321970863888,0.0612181920204 
203,0.082271642421,0.744384859031,0.146324868112,0.00529486137295,0.0217237690635 
204,0.202732532017,0.653497543061,0.122297811561,0.00567887629427,0.0157932370665 
205,0.0784126159062,0.654075397859,0.241263323122,0.0161077992616,0.0101408638507 
206,0.0477517492726,0.514517755662,0.321705443521,0.0478608121389,0.0681642394063 
207,0.0903981604941,0.770147521607,0.121916572479,0.00377820288832,0.0137595425314 
208,0.101184662196,0.628750094106,0.214447337271,0.0108856122694,0.0447322941574 
209,0.0646552170178,0.750461493731,0.154890425518,0.0148326769686,0.0151601867649 
210,0.0907859015089,0.775044526196,0.117154005561,0.00368384642999,0.0133317203041 
211,0.0460067457057,0.698321376906,0.191958867105,0.0283472131124,0.0353657971708 
212,0.0852479914328,0.783500736588,0.109532977,0.00441650277499,0.0173017922037 
213,0.0833469363704,0.757683078224,0.133717729209,0.00500540783956,0.0202468483575 
214,0.125366351899,0.706014870021,0.12216476489,0.0121390133082,0.0343149998814 
215,0.0459332795174,0.695739645565,0.194107243944,0.028488959073,0.035730871901 
216,0.113950883794,0.791835914078,0.0676112533291,0.00410854911092,0.0224933996877 
217,0.06508810769,0.786104014361,0.114205113044,0.00721189385322,0.0273908710522 
218,0.0476567394007,0.509774794086,0.325769621639,0.0477700899855,0.0690287548886 
219,0.0753175940116,0.716442383052,0.177758982186,0.0143341260811,0.0161469146688 
220,0.115410921858,0.641942354378,0.176947289969,0.010233961828,0.0554654719668 
221,0.111382786579,0.63923132004,0.216381846652,0.00721688093581,0.0257871657936 
222,0.0404387779501,0.816423175731,0.120561741129,0.0139386003398,0.00863770484969 
223,0.0344594973259,0.499174281155,0.364017602306,0.0607994822176,0.0415491369955 
224,0.0713474836001,0.662107657516,0.171756714151,0.0133888281564,0.0813993165771 
225,0.0560286627962,0.825700317403,0.100069766279,0.0129648124459,0.00523644107538 
226,0.0843327673362,0.74115481988,0.132889995506,0.00704120888648,0.0345812083916 
227,0.0459446656681,0.696137581228,0.193775949603,0.0284672047671,0.0356745987341 
228,0.174557428082,0.670194892498,0.136419693769,0.00671771176731,0.0121102738845 
229,0.0791695174669,0.76178714618,0.132966250461,0.00513674096309,0.0209403449283 
230,0.0597068440395,0.716928889491,0.152391053723,0.0139667028854,0.0570065098605 
231,0.0345632432833,0.625193653664,0.284253975751,0.0312878670537,0.0247012602484 
232,0.0887469551877,0.619796881846,0.20443781549,0.0125746752771,0.0744436721994 
233,0.0518887119636,0.766994598376,0.150681887653,0.0152949744788,0.0151398275283 
234,0.0955365156958,0.698385910083,0.174550775433,0.00702178141373,0.024505017374 
235,0.0635276176375,0.852304870923,0.0705819434905,0.00314268429352,0.0104428836557 
236,0.0345632432833,0.625193653664,0.284253975751,0.0312878670537,0.0247012602484 
237,0.0795664734273,0.767389135077,0.127744124248,0.0050097743087,0.0202904929387 
238,0.0828435790155,0.813654744879,0.0754694837281,0.00476447546215,0.0232677169152 
239,0.106354827444,0.593805105783,0.221941905942,0.011666316429,0.0662318444015 
240,0.0474605472153,0.81917050576,0.108143587095,0.0107319556756,0.0144934042542 
241,0.0557126450741,0.886852530418,0.0423097451098,0.00265135195859,0.0124737274393 
242,0.111919374243,0.623604044924,0.193981191809,0.010806836997,0.0596885520265 
243,0.0474735563948,0.818368177315,0.10881623327,0.0107655349769,0.0145764980428 
244,0.0439622828278,0.526995521568,0.282035708596,0.0238514931871,0.123154993821 
245,0.0725462619894,0.779304634793,0.121827365627,0.00518557971583,0.0211361578752 
246,0.0602077195471,0.833805597274,0.0821699000711,0.00493116834377,0.0188856147642 
247,0.0537043103516,0.633000051524,0.252019295873,0.0143333345599,0.0469430076916 
248,0.0476567394007,0.509774794086,0.325769621639,0.0477700899855,0.0690287548886 
249,0.0647604929366,0.755885830351,0.150033797792,0.0146312788355,0.0146886000858 
250,0.0597615273172,0.506750337427,0.390593850638,0.0196632575386,0.0232310270792 
251,0.0970699320514,0.792528595484,0.0843173246667,0.00455357941311,0.021530568385 
252,0.0799456554651,0.772897876604,0.122626612,0.004883241767,0.0196466141638 
253,0.0651121907597,0.763829788128,0.140043839375,0.00864889511437,0.0223652866221 
254,0.0601371298124,0.825810865578,0.0887656228165,0.00516713512131,0.0201192466715 
255,0.0832287643358,0.550097090725,0.309000084001,0.0206002766755,0.0370737842634 
256,0.104229262005,0.564352336695,0.249374534584,0.0294877517003,0.0525561150152 
257,0.0577665629977,0.887917798136,0.0406467029486,0.00242172741119,0.0112472085068 
258,0.0476567394007,0.509774794086,0.325769621639,0.0477700899855,0.0690287548886 
259,0.074084181813,0.812304282009,0.0923111894819,0.00436371328024,0.0169366334159 
260,0.0728353689764,0.863836954274,0.0507834012405,0.00226372797167,0.0102805475379 
261,0.0819775170703,0.740838935131,0.149700542975,0.00537040802189,0.0221125968025 
262,0.112455604391,0.582704232015,0.229473655404,0.0114198489982,0.0639466591906 
263,0.103966676215,0.558128131744,0.254496818012,0.02946870518,0.0539396688495 
264,0.0590523804763,0.853701648293,0.0726785073023,0.00338139741526,0.0111860665135 
265,0.0879092242817,0.660108482447,0.171490172189,0.0118501132619,0.0686420078205 
266,0.0350458821557,0.652716731485,0.259156863986,0.0304927667645,0.0225877556089 
267,0.0694268944981,0.849700956247,0.0682033576967,0.00285026424162,0.0098185273162 
268,0.0597906099036,0.720803974142,0.149431547679,0.0138257685559,0.0561480997202 
269,0.0461765787614,0.704428707201,0.186886198781,0.028006197396,0.0345023178605 
270,0.0663613263315,0.672192054254,0.235516296421,0.00648648630797,0.0194438366859 
271,0.0404291259592,0.817178202734,0.119900056238,0.0139017429258,0.00859087214338 
272,0.0471631894611,0.83209409467,0.0973991349215,0.0101859585115,0.0131576224355 
273,0.057417406897,0.78491140057,0.133304803401,0.00703557214456,0.0173308169871 
274,0.0847855896961,0.867115750126,0.0408479632281,0.00293705666122,0.00431364028898 
275,0.0747490198305,0.789813385816,0.113586748351,0.00463300899517,0.0172178370077 
276,0.0403007788814,0.825000242627,0.113073850464,0.0135179527469,0.00810717527992 
277,0.0459275751604,0.695540578089,0.194272995021,0.0284998288377,0.0357590228914 
278,0.0648322817523,0.790245356563,0.110947717981,0.00711567241666,0.0268589712874 
279,0.0565084026479,0.57966985828,0.29705051966,0.0310076920907,0.035763527322 
280,0.0643695567278,0.372318174798,0.485205868801,0.0392748559293,0.0388315437448 
281,0.16097685828,0.483375229248,0.294718296155,0.0175345405948,0.0433950757222 
282,0.0610122968506,0.860648873104,0.065259211652,0.00307922818972,0.0100003902039 
283,0.0971144145926,0.793063507747,0.0838444475686,0.00453761314951,0.021440016942 
284,0.0345707753533,0.625647472352,0.283838781275,0.0312770496389,0.0246659213807 
285,0.0601371298124,0.825810865578,0.0887656228165,0.00516713512131,0.0201192466715 
286,0.0635983284501,0.842457516775,0.0791016712893,0.00336982731218,0.0114726561734 
287,0.0723903246811,0.686679313999,0.186125389041,0.0104455576031,0.0443594146756 
288,0.0661479471644,0.763226698439,0.140752176675,0.00821993379996,0.0216532439218 
289,0.115982432945,0.54041520465,0.264824936644,0.0266928575688,0.0520845681925 
290,0.0833469363704,0.757683078224,0.133717729209,0.00500540783956,0.0202468483575 
291,0.0650642745711,0.786530207624,0.113867972545,0.00720184777935,0.0273356974803 
292,0.0475880179952,0.506163385393,0.328868830547,0.0476901328176,0.069689633247 
293,0.0577011212044,0.689658876936,0.171547285979,0.0223289887887,0.0587637270924 
294,0.0446617686398,0.566555445604,0.352224013132,0.0236477708264,0.012911001798 
295,0.0601824830649,0.829956886003,0.0853353512675,0.00504507409991,0.0194802055646 
296,0.0971144145926,0.793063507747,0.0838444475686,0.00453761314951,0.021440016942 
297,0.0828885283825,0.751940908966,0.13915083826,0.00513157871102,0.0208881456803 
298,0.0670540622418,0.865402686975,0.0585143549942,0.00221351040072,0.00681538538846 
299,0.11266869976,0.683069284364,0.165139147541,0.00676515791069,0.0323577104243 
300,0.0347823376509,0.638024974345,0.272532091095,0.0309517330606,0.0237088638482 
301,0.0598829166703,0.812249584161,0.100111525241,0.00556049596409,0.0221954779641 
302,0.0543175255246,0.444693419971,0.3746261189,0.0199737120734,0.106389223531 
303,0.0563628722736,0.521823600618,0.377893871666,0.0205631435476,0.0233565118947 
304,0.113577891781,0.588343383446,0.224004256873,0.0112690677376,0.0628054001627 
305,0.0872537324523,0.822922158721,0.0786617326119,0.00521995225034,0.00594242396438 
306,0.0626662142023,0.871902550186,0.0543295651124,0.00269449467128,0.00840717582846 
307,0.034580864664,0.626253746266,0.283284175766,0.0312624734647,0.0246187398386 
308,0.0555655785757,0.457007846425,0.36315988002,0.0197605287997,0.10450616618 
309,0.111965907326,0.580234557835,0.231873823934,0.0114848252204,0.0644408856845 
310,0.0482931059656,0.641627246473,0.257182973098,0.018247241638,0.0346494328255 
311,0.0350458821557,0.652716731485,0.259156863986,0.0304927667645,0.0225877556089 
312,0.0577011212044,0.689658876936,0.171547285979,0.0223289887887,0.0587637270924 
313,0.0597172706421,0.717378879624,0.152046764951,0.0139503191256,0.056906765657 
314,0.161181053429,0.486701200809,0.291674086382,0.0175427612186,0.0429008981612 
315,0.0467005404684,0.424922255264,0.418973878262,0.022287503203,0.0871158228023 
316,0.0658245415717,0.697813983075,0.144830853429,0.0131372966442,0.0783933252801 
317,0.131882556008,0.620799904436,0.209666746276,0.0153599404247,0.0222908528559 
318,0.143901843424,0.749009614586,0.0920509820119,0.00447060485732,0.0105669551209 
319,0.0459389763594,0.695938646712,0.193941562054,0.0284780843736,0.035702730501 
320,0.0725462619894,0.779304634793,0.121827365627,0.00518557971583,0.0211361578752 
321,0.0601046457048,0.612001316056,0.279045264786,0.0108133351384,0.038035438315 
322,0.0459389763594,0.695938646712,0.193941562054,0.0284780843736,0.035702730501 
323,0.0459389763594,0.695938646712,0.193941562054,0.0284780843736,0.035702730501 
324,0.068501258256,0.55324473443,0.351654449992,0.0134168991758,0.0131826581462 
325,0.0475880179952,0.506163385393,0.328868830547,0.0476901328176,0.069689633247 
326,0.0475880179952,0.506163385393,0.328868830547,0.0476901328176,0.069689633247 
327,0.124579094989,0.636490254801,0.216937784231,0.00975266423302,0.0122402017461 
328,0.0866812984105,0.790367347844,0.106786492426,0.00352619947441,0.0126386618444 
329,0.0645029564415,0.742318546917,0.162190578199,0.0151176320805,0.0158702863624 
330,0.141576929719,0.542703216859,0.284679289341,0.0152547027008,0.0157858613798 
331,0.153492276969,0.532092475152,0.255450354857,0.0192848466364,0.0396800463861 
332,0.0460513072991,0.699904276688,0.190642837845,0.0282595966239,0.0351419815438 
333,0.05969298705,0.590899682662,0.300055776658,0.0107418521608,0.0386097014692 
334,0.0757043140376,0.859673881769,0.0522005423202,0.00225471813283,0.0101665437401 
335,0.0736629141557,0.8423252823,0.0715972421692,0.00277945081444,0.00963511056053 
336,0.0597887996754,0.507241215086,0.390105996063,0.0196639197943,0.0232000693818 
337,0.0640754280474,0.776338202166,0.130229660557,0.00847717582949,0.0208795333997 
338,0.0714036629295,0.777471542376,0.132938465052,0.00976671994321,0.00841960969912 
339,0.0693696001044,0.850111947949,0.067886392267,0.00284360923838,0.00978845044108 
340,0.095816356924,0.621116932275,0.2016753726,0.0119868531014,0.0694044850996 
341,0.070950984716,0.73821939255,0.131545116346,0.00912367621897,0.0501608301698 
342,0.034580864664,0.626253746266,0.283284175766,0.0312624734647,0.0246187398386 
343,0.056732689785,0.874249606759,0.055242444216,0.00328330984054,0.0104919493996 
344,0.0645335095444,0.743988211241,0.160692890088,0.0150609192142,0.0157244699121 
345,0.0346608352042,0.630997832706,0.278947141303,0.0311435316832,0.0242506591031 
346,0.125342042917,0.647630415049,0.205836536477,0.00955319079036,0.0116378147667 
347,0.0650917229595,0.772433331655,0.135257310904,0.013960822768,0.0132568117132 
348,0.055309584621,0.602641543324,0.299830183691,0.0120535907726,0.0301650975918 
349,0.0930775118195,0.813105627232,0.0809575655046,0.00291999368279,0.00993930176104 
350,0.0863883292313,0.785859199551,0.111093362933,0.00361567412218,0.0130434341625 
351,0.131114255122,0.634014097997,0.195623137649,0.00687182005555,0.0323766891764 
352,0.0607077979714,0.713089638944,0.156209418932,0.0136379870039,0.0563551571494 
353,0.0761316154719,0.744850033714,0.151793667864,0.0134127468466,0.0138119361029 
354,0.0475823302907,0.505856901955,0.329132029889,0.0476829148561,0.0697458230085 
355,0.072231451082,0.773765510937,0.126859956326,0.00531776851703,0.0218253131384 
356,0.0651091140414,0.763880584558,0.140003043052,0.00864808327919,0.0223591750691 
357,0.0744739470872,0.857463015974,0.055242134299,0.00450980825417,0.0083110943852 
358,0.0804502228036,0.84742586895,0.0590273301028,0.00449698593509,0.0085995922081 
359,0.0480444293162,0.420251468653,0.425524464391,0.0214990461296,0.0846805915106 
360,0.0556880300856,0.886997044944,0.0422122715056,0.00264822701762,0.0124544264474 
361,0.0475747954775,0.505448999057,0.329482369937,0.0476732035687,0.0698206319595 
362,0.046872008541,0.755677192304,0.169743263741,0.0185816622372,0.00912587317657 
363,0.135599244175,0.544138089089,0.253648996059,0.0227421403942,0.0438715302825 
364,0.0672783356312,0.663410725332,0.243411461572,0.0064133560268,0.0194861214388 
365,0.0476567394007,0.509774794086,0.325769621639,0.0477700899855,0.0690287548886 
366,0.0579612826329,0.775860772133,0.124691520577,0.0199143315662,0.0215720930909 
367,0.0709789715005,0.86862780178,0.0429457057701,0.00276479330733,0.0146827276423 
368,0.0624139848937,0.858541533822,0.0506223460636,0.00491010258717,0.0235120326331 
369,0.0648180116933,0.768158068071,0.136594318808,0.00858291362904,0.0218466877989 
370,0.109329368584,0.819504891201,0.0556544185129,0.00263021285973,0.0128811088425 
371,0.0713474836001,0.662107657516,0.171756714151,0.0133888281564,0.0813993165771 
372,0.0794278649162,0.863122712279,0.0480558744298,0.00181504882668,0.00757849954834 
373,0.0475823302907,0.505856901955,0.329132029889,0.0476829148561,0.0697458230085 
374,0.0959763426459,0.716769927408,0.161814685521,0.0120991175011,0.0133399269236 
375,0.0459446656681,0.696137581228,0.193775949603,0.0284672047671,0.0356745987341 
376,0.117294936187,0.56397114555,0.244808526659,0.026629206899,0.047296184705 
377,0.0787477349618,0.75598179211,0.138395626392,0.00526647968364,0.0216083668526 
378,0.104067597107,0.560629123963,0.252442082545,0.0294801833763,0.0533810130084 
379,0.139327988521,0.505366345231,0.28521918601,0.0216243200066,0.0484621602312 
380,0.048086804961,0.420696898966,0.425105083884,0.0214941604348,0.0846170517543 
381,0.0660163647606,0.785631495763,0.115140434926,0.00690661158379,0.0263050929665 
382,0.0518990036353,0.767630600151,0.150116694925,0.0152666490132,0.0150870522762 
383,0.0620841147431,0.742519164481,0.176083859409,0.00969802806109,0.0096148333052 
384,0.059874148828,0.725584812435,0.145797541516,0.0136525084657,0.0550909887557 
385,0.140967471428,0.531287955705,0.262222923173,0.0216138000226,0.0439078496719 
386,0.0717978045908,0.80756111441,0.105258068713,0.00869246675745,0.00669054552799 
387,0.0404493466445,0.815552982482,0.121324928505,0.0139810317886,0.00869171058022 
388,0.0591054099313,0.848781901904,0.0768899185151,0.00349965934917,0.0117231103002 
389,0.0475880179952,0.506163385393,0.328868830547,0.0476901328176,0.069689633247 
390,0.0345632432833,0.625193653664,0.284253975751,0.0312878670537,0.0247012602484 
391,0.13679668788,0.543898648236,0.273515912513,0.02181844779,0.023970303581 
392,0.0832072351972,0.549894893218,0.309198091867,0.0206049028566,0.0370948768614 
393,0.0475823302907,0.505856901955,0.329132029889,0.0476829148561,0.0697458230085 
394,0.0760531274525,0.837892796722,0.0737068419357,0.00275975524186,0.00958747864773 
395,0.0635983284501,0.842457516775,0.0791016712893,0.00336982731218,0.0114726561734 
396,0.0929710039334,0.810120629459,0.0837198911599,0.0029811032322,0.0102073722157 
397,0.0540603472396,0.796288904558,0.124664933948,0.00748540720745,0.0175004070469 
398,0.0365435232664,0.487192904374,0.375795018202,0.0587663651065,0.0417021890508 
399,0.155523785663,0.482517421378,0.298002967631,0.0184318266353,0.0455239986927 
400,0.131720291545,0.618394394968,0.227474261945,0.00969830369223,0.0127127478501 
401,0.0570574033819,0.754483588087,0.110979963742,0.0113541263256,0.0661249184627 
402,0.0597217414793,0.805972631003,0.105418812403,0.0057390368622,0.0231477782522 
403,0.160645569679,0.477136196324,0.300395053311,0.0175054544992,0.0443177261867 
404,0.0404441241367,0.815989055628,0.120942402078,0.0139597749681,0.00866464318876 
405,0.0783124255146,0.731769966243,0.16671561093,0.00800691233008,0.0151950849823 
406,0.059987242953,0.816956248337,0.0961538047169,0.00542509563877,0.0214776083538 
407,0.0598922808948,0.509096277782,0.38826230561,0.0196657844399,0.0230833512739 
408,0.136779780575,0.557808472338,0.241405609835,0.0225454013696,0.0414607358819 
409,0.0708362547568,0.657184011048,0.175561055836,0.0135547491014,0.0828639292572 
410,0.0596770185489,0.715681791024,0.153346043996,0.0140121292328,0.0572830171987 
411,0.0938850653739,0.575761577138,0.265631310292,0.0121639838137,0.0525580633822 
412,0.05969298705,0.590899682662,0.300055776658,0.0107418521608,0.0386097014692 
413,0.0903981604941,0.770147521607,0.121916572479,0.00377820288832,0.0137595425314 
414,0.0345632432833,0.625193653664,0.284253975751,0.0312878670537,0.0247012602484 
415,0.101795527352,0.658268951357,0.168893622857,0.0108121015491,0.0602297968857 
416,0.0475823302907,0.505856901955,0.329132029889,0.0476829148561,0.0697458230085 
417,0.11472663134,0.59408648638,0.2184491109,0.0111121071868,0.0616256641935 
418,0.0828885283825,0.751940908966,0.13915083826,0.00513157871102,0.0208881456803 
419,0.0544190958224,0.445697899146,0.373686716607,0.0199570396192,0.106239248805 
420,0.112672425813,0.786386616355,0.072763994207,0.00431357513327,0.0238633884913 
421,0.0996576078689,0.599791514774,0.218894015445,0.0120494772631,0.0696073846487 
422,0.0459275751604,0.695540578089,0.194272995021,0.0284998288377,0.0357590228914 
423,0.0459275751604,0.695540578089,0.194272995021,0.0284998288377,0.0357590228914 
424,0.0518482983714,0.634291801779,0.248230006031,0.0156891741197,0.0499407196997 
425,0.106656909492,0.796447322552,0.0685180093674,0.00429548101987,0.0240822775686 
426,0.0919316501942,0.800254312917,0.0811371363527,0.00461249911388,0.0220644014225 
427,0.0474680394432,0.818712784987,0.108527251226,0.0107511176674,0.0145408066769 
428,0.0461765787614,0.704428707201,0.186886198781,0.028006197396,0.0345023178605 
429,0.0931100835352,0.570149784747,0.271116891038,0.0122848346241,0.0533384060552 
430,0.0404467508802,0.815771263521,0.121133431756,0.0139703931132,0.00867816072935 
431,0.112468915415,0.785482703863,0.0736133053445,0.00434712459922,0.0240879507776 
432,0.161181053429,0.486701200809,0.291674086382,0.0175427612186,0.0429008981612 
433,0.0824047584203,0.746000913867,0.144788273315,0.00526020212921,0.0215458522683 
434,0.0871481281059,0.766461741908,0.110557598443,0.00627791827714,0.0295546132665 
435,0.0723519498792,0.686151317363,0.186592848479,0.0104606577587,0.0444432265204 
436,0.0461765787614,0.704428707201,0.186886198781,0.028006197396,0.0345023178605 
437,0.0418268265863,0.512160061242,0.291846924664,0.0248810510338,0.129285136474 
438,0.0720119567179,0.668483344228,0.166846429497,0.0131701441764,0.0794881253802 
439,0.0841544604436,0.558834048056,0.300455383046,0.0203948046505,0.0361613038038 
440,0.0476110853691,0.507394120011,0.327812199735,0.0477184368897,0.0694641579952 
441,0.0441552522002,0.554553057948,0.364123056048,0.023739606006,0.0134290277982 
442,0.133595292156,0.512784731691,0.281235095926,0.0228058865408,0.0495789936859 
443,0.102901544933,0.826985810601,0.0543258124679,0.00264634269908,0.0131404892998 
444,0.0914785628531,0.784295405554,0.108206634734,0.00350273064321,0.012516666216 
445,0.0853555639769,0.641274244075,0.187228019417,0.0124643720723,0.073677800459 
446,0.059758371045,0.807323371576,0.104274073989,0.00570081902807,0.0229433643619 
447,0.0480888429873,0.529586118255,0.308840111578,0.0480416202414,0.0654433069383 
448,0.0344594973259,0.499174281155,0.364017602306,0.0607994822176,0.0415491369955 
449,0.0278715369374,0.628545843991,0.290596519357,0.0380001403285,0.0149859593867 
450,0.0929564103443,0.569036484678,0.272206678063,0.0123084610466,0.0534919658688 
451,0.062079393274,0.742371486389,0.176224832034,0.00970176628533,0.00962252201773 
452,0.0489400587805,0.640673545644,0.194511039653,0.0205757557826,0.0952996001402 
453,0.0824047584203,0.746000913867,0.144788273315,0.00526020212921,0.0215458522683 
454,0.0658727843553,0.767652753046,0.137180785961,0.00815135230273,0.0211423243349 
455,0.0598829166703,0.812249584161,0.100111525241,0.00556049596409,0.0221954779641 
456,0.107416313256,0.599547740508,0.216523357527,0.0115077485679,0.0650048401409 
457,0.102879065772,0.826880938628,0.0544295020688,0.0026496658315,0.0131608276999 
458,0.0769187708945,0.608515049669,0.246449012368,0.0362963664593,0.0318208006096 
459,0.0893475568012,0.36908144103,0.446239154491,0.0315058524319,0.063825995246 
460,0.0596825675884,0.715909590751,0.153171511199,0.0140038293532,0.0572325011084 
461,0.165598701823,0.538302443167,0.259113007058,0.0123621721353,0.0246236758162 
462,0.0802899134833,0.778068751417,0.117840330268,0.00476297968442,0.0190380251465 
463,0.0651121907597,0.763829788128,0.140043839375,0.00864889511437,0.0223652866221 
464,0.0751841619512,0.721919388954,0.179552132921,0.00605204151652,0.0172922746582 
465,0.0863883292313,0.785859199551,0.111093362933,0.00361567412218,0.0130434341625 
466,0.160347135114,0.547781520474,0.254451003295,0.0128221431541,0.0245981979627 
467,0.0592746524828,0.866912772948,0.0598214101133,0.0032595651994,0.0107315992561 
468,0.0485137797265,0.545995169794,0.294912253391,0.0480556632274,0.0625231338602 
469,0.0477517492726,0.514517755662,0.321705443521,0.0478608121389,0.0681642394063 
470,0.135832961264,0.784851571737,0.0691205809521,0.00342559344317,0.00676929260302 
471,0.0460290890559,0.699113398222,0.191300265227,0.0283034405818,0.0352538069132 
472,0.108287255135,0.813218624433,0.0690275005113,0.00451784633544,0.00494877358538 
473,0.0737075289419,0.873886513667,0.0443738493882,0.00317156793477,0.00486054006849 
474,0.0720119567179,0.668483344228,0.166846429497,0.0131701441764,0.0794881253802 
475,0.059758371045,0.807323371576,0.104274073989,0.00570081902807,0.0229433643619 
476,0.0419487877368,0.514258944302,0.290193557277,0.0248254886724,0.128773222011 
477,0.0464088298088,0.713156466046,0.179660947338,0.0275050630425,0.0332686937641 
478,0.0795664734273,0.767389135077,0.127744124248,0.0050097743087,0.0202904929387 
479,0.0460513072991,0.699904276688,0.190642837845,0.0282595966239,0.0351419815438 
480,0.0416179878386,0.508567357735,0.29468268732,0.0249748576201,0.130157109486 
481,0.075634740025,0.728821065946,0.172865366288,0.00592112634667,0.0167577013948 
482,0.0630476482727,0.762729589168,0.150258484739,0.0065766436983,0.0173876341225 
