ID,Adoption,Died,Euthanasia,Return_to_owner,Transfer
1,0.37104860461,0.0149066424034,0.0666284854528,0.180945717406,0.366470550127 
2,0.541945363838,0.0115914769536,0.0464395382406,0.200389257109,0.199634363859 
3,0.523386354755,0.0122409512159,0.0517491746618,0.1030906445,0.309532874868 
4,0.375322383621,0.0149400785714,0.0659725154287,0.198823976764,0.344941045614 
5,0.555877026773,0.0109762748268,0.0425596351238,0.226111862072,0.164475201204 
6,0.510681607625,0.0122774557105,0.0496859296201,0.212383796271,0.214971210773 
7,0.489234819465,0.0134798444003,0.0561726506026,0.139721416407,0.301391269125 
8,0.495866874868,0.0122928976104,0.0533965022674,0.0901711634952,0.348272561759 
9,0.513739919732,0.0120282215317,0.0493486242187,0.205260253139,0.219622981379 
10,0.555596485952,0.01138440255,0.045231114113,0.194348087266,0.193439910119 
11,0.540022855301,0.0115714305836,0.0464794938636,0.202017645807,0.199908574444 
12,0.397347567997,0.0146653021769,0.0641719092894,0.184318970193,0.339496250344 
13,0.535671738783,0.0118101464989,0.0477240465609,0.193288205887,0.21150586227 
14,0.460257450201,0.0139142407805,0.0583250127394,0.174123695926,0.293379600353 
15,0.528612296339,0.0117440912528,0.0469862451186,0.216046990172,0.196610377117 
16,0.539552083923,0.0116169379611,0.0467170534581,0.199844482474,0.202269442184 
17,0.508776151725,0.0121467017123,0.0489814827567,0.223920367617,0.206175296189 
18,0.514232646217,0.0118829302729,0.0473073422423,0.235953181056,0.190623900212 
19,0.523181779533,0.0120878690685,0.0513991165881,0.0942416499613,0.319089584849 
20,0.212677771728,0.0141275651895,0.0695955231896,0.0521700407665,0.651429099126 
21,0.531494567666,0.011835520025,0.050406162569,0.0957834597462,0.310480289994 
22,0.103149861141,0.0127752924116,0.0686889706748,0.0348806252586,0.780505250514 
23,0.517339049052,0.0120117698402,0.0484052203788,0.216692364982,0.205551595747 
24,0.199060402649,0.013780731585,0.0687879468772,0.0476254016456,0.670745517243 
25,0.525213163499,0.011958652824,0.0488550105341,0.193359777964,0.220613395179 
26,0.329914636463,0.0138423914522,0.0644562264103,0.0647203751524,0.527066370522 
27,0.526367118684,0.0121087524503,0.0513090324134,0.107535377196,0.302679719257 
28,0.230393566668,0.0163520912458,0.0787815074727,0.122755642239,0.551717192375 
29,0.521663165765,0.0119115081053,0.0477899778478,0.217787242072,0.20084810621 
30,0.513447370862,0.0120537820111,0.048602203737,0.220516860593,0.205379782797 
31,0.408740976453,0.0145585103575,0.0637483987823,0.150209009938,0.362743104469 
32,0.541460958593,0.0117539658131,0.0482416366954,0.169001981094,0.229541457804 
33,0.343941409391,0.0142784397434,0.0656683499206,0.0785788195212,0.497532981424 
34,0.547621492152,0.011726233062,0.0491934378265,0.0996899836011,0.291768853358 
35,0.35043124858,0.0139825683058,0.06482068145,0.0812827832545,0.489482718409 
36,0.523494847528,0.01201265087,0.0483104984563,0.208777498406,0.20740450474 
37,0.310643889593,0.0140493428764,0.0659251535583,0.0650051406376,0.544376473334 
38,0.528048723104,0.0117939284818,0.0475349497193,0.208747045341,0.203875353354 
39,0.554411910344,0.0112349187743,0.0442408737913,0.208899831606,0.181212465485 
40,0.420689870062,0.0146259393669,0.062963896806,0.156903521813,0.344816771952 
41,0.364577134303,0.014904774091,0.0670782700653,0.181271910761,0.372167910779 
42,0.194500781905,0.0140458531418,0.0701631248009,0.0511356842097,0.670154555943 
43,0.508919178643,0.0120752990463,0.052228335652,0.0927998154944,0.333977371165 
44,0.192119587398,0.014482438471,0.0723544861684,0.0589729164119,0.662070571551 
45,0.346156655387,0.0140130795304,0.0643600629766,0.0694199051917,0.506050296915 
46,0.422196266298,0.0144309565265,0.0625778491183,0.149240576562,0.351554351495 
47,0.537137693802,0.0119076682047,0.0501910055201,0.0956215413246,0.305142091148 
48,0.538796734324,0.011737775595,0.0466779607812,0.205640344414,0.197147184886 
49,0.508672551837,0.012263855815,0.0503682350671,0.201786806313,0.226908550968 
50,0.380940560982,0.0150067071955,0.065629126972,0.200744315062,0.337679289788 
51,0.397665912177,0.0146202118116,0.0645658435331,0.117640596668,0.40550743581 
52,0.485985419949,0.0127822101942,0.0525824399473,0.21435911521,0.234290814699 
53,0.542877127234,0.0118695081055,0.0497743328143,0.100125319086,0.29535371276 
54,0.347876203191,0.0137715598466,0.0643807121577,0.0792112358246,0.49476028898 
55,0.114115519074,0.0141822928601,0.0757035647959,0.0577856962042,0.738212927066 
56,0.532200181414,0.0121056842183,0.0509057286077,0.0983610421347,0.306427363626 
57,0.546990852982,0.0114554418232,0.0450720784488,0.212383865541,0.184097761205 
58,0.0974993867096,0.0124936102351,0.0675072355272,0.03175661333,0.790743154198 
59,0.167525654225,0.0135322889473,0.0691953244938,0.0443114008856,0.705435331448 
60,0.520162323306,0.0119975150294,0.0482100629808,0.215355240215,0.204274858469 
61,0.416431231703,0.0145262820873,0.0630353596669,0.159253060709,0.346754065834 
62,0.511489661288,0.0122437587605,0.0493384792964,0.216434580483,0.210493520172 
63,0.502107727416,0.0127868605324,0.053310475792,0.16528922662,0.266505709639 
64,0.190112144921,0.0139927008729,0.0701284283868,0.0502535089811,0.675513216838 
65,0.167867228237,0.0136692343879,0.0698562735035,0.0463693139347,0.702237949937 
66,0.542138644105,0.0116898646435,0.0482392615118,0.164633288342,0.233298941398 
67,0.532023625611,0.0117249893505,0.0500781074981,0.0891703778862,0.317002899655 
68,0.339399026726,0.0154696685714,0.0701491522222,0.171924325853,0.403057826628 
69,0.535040528944,0.0117313375255,0.0467100329261,0.210654734136,0.195863366469 
70,0.163202728274,0.013369462894,0.0687040578827,0.0425703251801,0.71215342577 
71,0.249451653443,0.0159427140006,0.0765915307848,0.119742458191,0.53827164358 
72,0.56208693753,0.0112472091238,0.0444985004057,0.193150787966,0.189016564975 
73,0.103617211337,0.012722345331,0.0682017192164,0.0334929358753,0.781965788241 
74,0.536605165953,0.0120047349087,0.0487026726849,0.178150567514,0.22453685894 
75,0.220749826367,0.0143373132931,0.0704299456894,0.0580337361731,0.636449178477 
76,0.359930805015,0.0145098640983,0.0662901085484,0.101816086226,0.457453136113 
77,0.505134440929,0.0123920144391,0.053216414225,0.105323425108,0.323933705299 
78,0.304524246372,0.0141218216915,0.0666749112684,0.06817580265,0.546503218018 
79,0.523728143086,0.0120975833804,0.0491661914121,0.194637259373,0.220370822748 
80,0.522938897102,0.012155077746,0.051615755596,0.104276816753,0.309013452803 
81,0.199048197544,0.014002336805,0.0698856939429,0.0515121926542,0.665551579054 
82,0.110117524349,0.0127511400432,0.0680849951932,0.0341324678377,0.774913872577 
83,0.54479541156,0.0115102308625,0.0454382709847,0.211116174294,0.187139912299 
84,0.199714800198,0.0141261290121,0.0704313119606,0.0535659540304,0.662161804798 
85,0.50950064523,0.0121918468392,0.0491313731936,0.221580687954,0.207595446784 
86,0.206268087043,0.014059422441,0.0696619096144,0.0515015414525,0.658509039449 
87,0.417836206622,0.0143969744066,0.061864005188,0.19358115592,0.312321657863 
88,0.540021232577,0.0117495374249,0.047195462524,0.194400587237,0.206633180237 
89,0.193762202746,0.0137635090967,0.0689636393284,0.0473530803413,0.676157568487 
90,0.503298014802,0.0124768555736,0.0533622618219,0.133437111964,0.297425755839 
91,0.17144236775,0.0140349064311,0.0711302710963,0.0499751954163,0.693417259307 
92,0.156036958665,0.013647197975,0.0705598723868,0.0473613124219,0.712394658551 
93,0.576294270513,0.0115591019538,0.046826212531,0.116151518047,0.249168896955 
94,0.528937363332,0.0120304971778,0.0488651559171,0.18940834015,0.220758643423 
95,0.306508526742,0.0137292898224,0.0649117656224,0.0595966904173,0.555253727396 
96,0.528704346259,0.011758912483,0.0468228080711,0.219128672209,0.193585260978 
97,0.5072051545,0.012291723268,0.0506839660643,0.198726431673,0.231092724496 
98,0.210619708404,0.0141223653703,0.0697673920201,0.0527736510488,0.652716883157 
99,0.362505526493,0.0143207974306,0.0656057222548,0.0977813639587,0.459786589863 
100,0.521824081108,0.01205638545,0.0491384429196,0.196954162595,0.220026927927 
101,0.519511671009,0.0122093846597,0.0519447954344,0.105687370819,0.310646778077 
102,0.5445821538,0.0116705190378,0.0492707802625,0.096770054058,0.297706492841 
103,0.486562787228,0.0126351881405,0.0515512971069,0.228060990414,0.221189737111 
104,0.532202032161,0.011885632055,0.0476109087944,0.203746332191,0.204555094798 
105,0.521122599913,0.0120398833086,0.0514246499287,0.0937016662574,0.321711200592 
106,0.520217202581,0.0119093450497,0.047590745288,0.223298847933,0.196983859148 
107,0.550181652029,0.011071876366,0.0429814419361,0.230116610251,0.165648419418 
108,0.390831752374,0.0147550412638,0.0648419174931,0.183673155847,0.345898133023 
109,0.503913169941,0.0125175592778,0.0532247372972,0.143612221537,0.286732311947 
110,0.500291839933,0.0126809606047,0.0538983773131,0.137917013874,0.295211808275 
111,0.528153134436,0.0119619538386,0.0486300029329,0.193127760803,0.21812714799 
112,0.539089884885,0.0116793867126,0.0463882832656,0.208494494823,0.194347950314 
113,0.487840954413,0.0126609808496,0.0512509647244,0.232265205855,0.215981894158 
114,0.506372472546,0.0123090000909,0.0498843455322,0.216631845247,0.214802336584 
115,0.170699187968,0.0134302327857,0.068633546603,0.0434000811706,0.703836951473 
116,0.517393049715,0.0122495813536,0.050746474732,0.176360761503,0.243250132696 
117,0.533601496711,0.0117563850067,0.0474266305986,0.200656203075,0.206559284608 
118,0.347557353431,0.0155924872444,0.0689835217611,0.212429166691,0.355437470872 
119,0.466479299448,0.0131855272103,0.0536722792581,0.23911480924,0.227548084844 
120,0.380725881862,0.0142969010074,0.0640708240347,0.0864430062156,0.45446338688 
121,0.514806264295,0.0120298625774,0.0517438699099,0.0905445276732,0.330875475545 
122,0.53181934633,0.012316967012,0.0512422017312,0.122617726414,0.282003758513 
123,0.539282673802,0.0118982509263,0.0500612520676,0.100528494857,0.298229328348 
124,0.106876808873,0.012748159427,0.0681153269545,0.0335766248349,0.77868307991 
125,0.27491826897,0.0164244962128,0.076463314419,0.13874097598,0.493452944418 
126,0.545587816067,0.0114461306656,0.0452153581942,0.211827997763,0.185922697311 
127,0.306273795807,0.014224141656,0.0667099190165,0.0669826621988,0.545809481322 
128,0.525081563182,0.0119331554149,0.0509584522523,0.092627006122,0.319399823029 
129,0.565124494566,0.0115829305598,0.0477801121159,0.101455669021,0.274056793737 
130,0.534627386108,0.0118930514913,0.0503388852999,0.0984732272705,0.30466744983 
131,0.52269186019,0.0118939865219,0.047546236428,0.219885224744,0.197982692116 
132,0.542122454899,0.0118369286736,0.0497578813372,0.0994082814958,0.296874453594 
133,0.352252300254,0.0138475761337,0.0635986667476,0.0683044270856,0.501997029779 
134,0.500342028928,0.012522285368,0.0524529136635,0.179685984169,0.254996787872 
135,0.506978603231,0.0124274707448,0.0530928620163,0.0962754360918,0.331225627916 
136,0.545730773679,0.0115696222597,0.0464436499178,0.19348703931,0.202768914833 
137,0.522750145376,0.0122858131694,0.0518813753259,0.104183068814,0.308899597315 
138,0.10208654655,0.0126626134973,0.0682730240994,0.0340999476813,0.782877868172 
139,0.509704619555,0.0123612399622,0.0501647132194,0.207681305297,0.220088121966 
140,0.459971488463,0.0132936505066,0.0561684270222,0.202638550582,0.267927883426 
141,0.550481239925,0.011627027015,0.0477449585607,0.157411345745,0.232735428755 
142,0.338423734325,0.0137744178515,0.0648047264015,0.0777594789272,0.505237642495 
143,0.506834560425,0.0124473681809,0.0509723137788,0.199262608815,0.230483148799 
144,0.511504332256,0.0122682073905,0.0494070044765,0.215958961475,0.210861494401 
145,0.525743482327,0.0120181626097,0.0489176432406,0.193361026743,0.21995968508 
146,0.522790021333,0.012135152893,0.0493555272391,0.193738552317,0.221980746218 
147,0.476014802042,0.0133470877554,0.0564644775144,0.15951080947,0.294662823218 
148,0.54055698541,0.0112521525669,0.043770896992,0.236248566202,0.168171398829 
149,0.16737097412,0.0134692432072,0.0689181599515,0.0435549131312,0.70668670959 
150,0.337166043552,0.0143295437255,0.0668687468773,0.0925943201012,0.489041345744 
151,0.34838520678,0.0137001687042,0.0631522812247,0.0641618794052,0.510600463886 
152,0.194401950128,0.0139693949871,0.0699067072055,0.0505734937324,0.671148453947 
153,0.518218364424,0.0120532566543,0.0493276712188,0.199075886032,0.221324821671 
154,0.403617051324,0.0146533469298,0.0637492983536,0.181792342838,0.336187960555 
155,0.442753700236,0.0140571656877,0.0605217008413,0.139791147808,0.342876285427 
156,0.56740647836,0.0112436656917,0.0452644393753,0.168788887933,0.20729652864 
157,0.512736724552,0.0121535041632,0.0488562515312,0.220270549032,0.205982970721 
158,0.196738851599,0.0137957184484,0.0688812009579,0.047261467551,0.673322761444 
159,0.491552790552,0.0127132095893,0.05459101422,0.136037120377,0.305105865261 
160,0.51763148218,0.0121697243106,0.0489352459825,0.211681775202,0.209581772324 
161,0.544608806345,0.0116960020617,0.0480907171316,0.163799595461,0.231804879001 
162,0.558915847996,0.0112091993118,0.0433743237328,0.215495036249,0.17100559271 
163,0.128916803989,0.0154198448808,0.0805350948062,0.0821112170862,0.693017039238 
164,0.544534956213,0.0116322082368,0.0491566959522,0.0913685957592,0.303307543838 
165,0.504551296211,0.0123621416149,0.0503881714694,0.211830675692,0.220867715013 
166,0.53993883328,0.0116886835617,0.0495472989894,0.0910198693306,0.307805314839 
167,0.527190022179,0.01181624614,0.0469162953403,0.221482651659,0.192594784682 
168,0.52377311711,0.0120506927808,0.0490862214566,0.194472822006,0.220617146647 
169,0.543353040432,0.0115407862437,0.0456102957583,0.211254737507,0.188241140059 
170,0.539583694652,0.0118703440313,0.0483094933553,0.176073826323,0.224162641638 
171,0.199653214458,0.0151816506439,0.0748565175318,0.0706328192828,0.639675798083 
172,0.551039627016,0.0115943089119,0.0473694169412,0.164712723241,0.22528392389 
173,0.543774558518,0.0117156498002,0.0468828021937,0.193173618054,0.204453371434 
174,0.520026904793,0.0122132108827,0.0494321692757,0.199742285412,0.218585429636 
175,0.536920822845,0.011590868679,0.0455926485604,0.222439736819,0.183455923096 
176,0.346009644981,0.014236761189,0.0661336766002,0.0917584751554,0.481861442074 
177,0.529750319477,0.0120812072414,0.048124198412,0.204525179433,0.205519095437 
178,0.569807722021,0.011696711189,0.0471390084594,0.134557574965,0.236798983366 
179,0.443786984952,0.0141030975548,0.060502101708,0.143721991328,0.337885824457 
180,0.257432337752,0.0158107526523,0.0757871913338,0.119062911273,0.531906806989 
181,0.188515477174,0.0138328574741,0.0696468302997,0.049051682125,0.678953152927 
182,0.361600993993,0.0137771040831,0.0637291472634,0.0805821910935,0.480310563567 
183,0.531670161552,0.0119700888952,0.0487976561678,0.183623855503,0.223938237882 
184,0.375420583813,0.0150161123301,0.0660724061412,0.200439481538,0.343051416177 
185,0.565884490649,0.0113850975657,0.0460070681893,0.160114720458,0.216608623138 
186,0.504203838792,0.012375303012,0.050224717546,0.21594784892,0.21724829173 
187,0.200625128885,0.0137132532289,0.0687932021503,0.0492310555114,0.667637360224 
188,0.54661384414,0.011341117358,0.0448889060244,0.212709307532,0.184446824946 
189,0.545971388258,0.0116470155558,0.0470022011766,0.184628399285,0.210750995725 
190,0.545087632242,0.0115284199074,0.0461482362412,0.198719954946,0.198515756663 
191,0.528953990964,0.0119265765827,0.0481053062536,0.200996608259,0.210017517941 
192,0.530653392066,0.0119340879453,0.0481421479533,0.197741915151,0.211528456884 
193,0.396470482628,0.0146946919758,0.0642332434623,0.186732763139,0.337868818795 
194,0.398923184797,0.0148280908389,0.0648448253957,0.16054465861,0.360859240359 
195,0.533332016075,0.0117933458263,0.0480143457263,0.190732911536,0.216127380836 
196,0.519179580879,0.0121581136757,0.0518126611175,0.0968443311186,0.32000531321 
197,0.53852158499,0.0116286231812,0.0466814944163,0.202532646688,0.200635650725 
198,0.554221990786,0.011316514254,0.0442099660765,0.211952780108,0.178298748776 
199,0.517405380201,0.0120962490156,0.0489555749636,0.20926506154,0.212277734279 
200,0.500981408597,0.0124153634971,0.0508091671241,0.211345292711,0.224448768071 
201,0.114007136102,0.0129456497456,0.0685509962536,0.0348712646208,0.769624953278 
202,0.508872976751,0.0123530441584,0.0528695887952,0.100003385399,0.325901004896 
203,0.532829147359,0.0116776407031,0.0467248991122,0.212155147746,0.196613165079 
204,0.47312112438,0.0138094283692,0.0576198238401,0.157024486235,0.298425137175 
205,0.388302287158,0.0147045878573,0.0651328159257,0.173310306646,0.358550002413 
206,0.541331212095,0.0118319220409,0.0497774884082,0.095270638538,0.301788738918 
207,0.527253551572,0.0118116619976,0.0473991964823,0.212988182807,0.200547407141 
208,0.383122706423,0.0147714107699,0.0656852100501,0.170412312769,0.366008359989 
209,0.524646768708,0.0120495736131,0.0481970912122,0.210230912936,0.204875653531 
210,0.561778145839,0.0113329974271,0.0448234709818,0.190420107823,0.191645277929 
211,0.17497769382,0.0142776772703,0.0733582265455,0.0641496660465,0.673236736318 
212,0.496984838194,0.0124600573653,0.0502192783603,0.23005461789,0.21028120819 
213,0.52900517641,0.0117695116348,0.0468829650325,0.217995164352,0.194347182571 
214,0.433369774841,0.0141087536648,0.061284397871,0.136191799897,0.355045273726 
215,0.194906055693,0.0137990424728,0.0690433762998,0.0476840704419,0.674567455092 
216,0.415703331977,0.0143826955676,0.0629584229139,0.146176701081,0.36077884846 
217,0.409000592812,0.0141079102436,0.0620898177259,0.0872342201088,0.42756745911 
218,0.50894003732,0.0120965495487,0.0522304527186,0.0905947509756,0.336138209437 
219,0.516333648993,0.0121477117515,0.0491401583172,0.209205039553,0.213173441386 
220,0.530226945235,0.0116856625506,0.0464839941334,0.220413537061,0.19118986102 
221,0.322749759963,0.0155414899998,0.0711666254838,0.19267814471,0.397863979843 
222,0.168897205993,0.0136902793082,0.0699021678287,0.0466526224773,0.700857724392 
223,0.312538334495,0.0147253015591,0.0699118057634,0.114253903014,0.488570655168 
224,0.553090174086,0.0114160645856,0.0454109634415,0.196015176616,0.19406762127 
225,0.357171980476,0.0156982805226,0.0690144758765,0.191504767707,0.366610495417 
226,0.560459818894,0.0114698867537,0.0463961525878,0.164825132982,0.216849008782 
227,0.199049399719,0.0137418073753,0.068711935835,0.0477345505854,0.670762306485 
228,0.144270555417,0.0148951473694,0.0774730490603,0.0728113810357,0.690549867117 
229,0.500575233431,0.0123887810314,0.0504254875265,0.218445440203,0.218165057808 
230,0.17021312443,0.0133965612484,0.0684943094494,0.0429395469136,0.704956457959 
231,0.556979249443,0.0116644125192,0.0484707241478,0.0999648288372,0.282920785053 
232,0.538973417906,0.0117017152345,0.0474314257734,0.189747018187,0.212146422899 
233,0.198676029157,0.0138897027628,0.0694009499884,0.0498599766885,0.668173341403 
234,0.407703893867,0.0146005578941,0.0627191655272,0.203343947352,0.31163243536 
235,0.533148370232,0.0117476453519,0.0464820909011,0.217885563134,0.190736330382 
236,0.521796733024,0.012184819,0.051722013832,0.0994183773476,0.314878056796 
237,0.516749211901,0.0122867050544,0.0503849122559,0.188003554371,0.232575616418 
238,0.256458185447,0.0159504825361,0.0761894477697,0.120129398023,0.531272486224 
239,0.56251279982,0.0110598365273,0.043065585099,0.211245739326,0.172116039228 
240,0.367012150719,0.0144749279418,0.0657876606381,0.101151654784,0.451573605917 
241,0.429028210657,0.0142443548946,0.0617752883771,0.145649122759,0.349303023312 
242,0.515461490459,0.0123015899105,0.0510481711154,0.174968089172,0.246220659343 
243,0.377155570232,0.0140602460864,0.0634497513383,0.0797860474997,0.465548384844 
244,0.523228150617,0.0119332852207,0.0510660431037,0.0920929380163,0.321679583042 
245,0.519630711197,0.0119987308981,0.0483158903799,0.21432208796,0.205732579565 
246,0.520398370719,0.011999456921,0.0476080030862,0.225363309583,0.19463085969 
247,0.53031104324,0.0119859805212,0.0507924547585,0.0983759256068,0.308534595873 
248,0.512055412401,0.0121281344509,0.0521473557712,0.0932636235096,0.330405473867 
249,0.512270782663,0.0122465485135,0.0494841734394,0.212568843329,0.213429652055 
250,0.54207407455,0.0119657883802,0.0500079893959,0.107525379177,0.288426768497 
251,0.254377736639,0.0160112845271,0.0765161592771,0.122299188708,0.530795630849 
252,0.511540065276,0.0121357804837,0.0491836244788,0.215671577762,0.211468951999 
253,0.225274976939,0.0142264217481,0.0695928697188,0.0551847682889,0.635720963305 
254,0.512319035507,0.0122266864952,0.0495406293186,0.210789286592,0.215124362087 
255,0.188464576732,0.0136782094253,0.0690985823404,0.0478628504694,0.680895781032 
256,0.522131623065,0.0121532567527,0.0496747156785,0.188714532955,0.227325871549 
257,0.409712271235,0.0145124766861,0.0636658920764,0.128769038715,0.383340321287 
258,0.545398342685,0.0117610749285,0.0493832463124,0.0951884970253,0.298268839049 
259,0.500281268641,0.0124553607466,0.0499091467582,0.230233434135,0.207120789719 
260,0.419092077181,0.0143949881412,0.062673113992,0.153342184144,0.350497636542 
261,0.542915626345,0.0112984691758,0.044452791557,0.223898784402,0.177434328519 
262,0.52023698194,0.0119959083484,0.0492475625067,0.195124525175,0.22339502203 
263,0.541892418044,0.0116863047298,0.0471713662204,0.189525458425,0.20972445258 
264,0.52061111842,0.0120568953304,0.0483841542134,0.213393574581,0.205554257455 
265,0.529912982053,0.0120706201521,0.0498213297314,0.166371947309,0.241823120754 
266,0.479214482578,0.0128201999332,0.055645079362,0.101234071524,0.351086166602 
267,0.239991600293,0.01537603467,0.0750588823915,0.0993208834671,0.570252599179 
268,0.214687674274,0.0140178021228,0.0690264124367,0.0506378988457,0.651630212321 
269,0.0917241717821,0.0124002137396,0.0674709198365,0.031348256236,0.797056438406 
270,0.535079431944,0.0121013529935,0.0506972175088,0.114051488625,0.288070508929 
271,0.206730390187,0.0140535487694,0.0696395178951,0.0516077499267,0.657968793222 
272,0.339923969643,0.0140850428676,0.0647840460148,0.0686239353874,0.512583006087 
273,0.396407509217,0.0147763352551,0.0640825269461,0.198311828092,0.32642180049 
274,0.38819518977,0.0153757497949,0.0664914970402,0.173109253546,0.35682830985 
275,0.335709745634,0.0141661542273,0.0655005217669,0.0729170696628,0.51170650871 
276,0.17007107057,0.0138408021527,0.0704569786367,0.0482072810341,0.697423867607 
277,0.107269699007,0.012700060718,0.0679191987009,0.0333599003593,0.778751141215 
278,0.43231613274,0.0141073339435,0.0609311991781,0.0938052684198,0.398840065718 
279,0.490105665488,0.0127915565399,0.0549903546127,0.115256312306,0.326856111053 
280,0.317708636909,0.0140878037876,0.0668979546432,0.0825282524924,0.518777352167 
281,0.522893024532,0.0119844688843,0.0483196480757,0.208661534981,0.208141323527 
282,0.500174597114,0.0124523803731,0.0500846956693,0.227267486503,0.210020840341 
283,0.251689412381,0.0158857404293,0.0762518413131,0.117303862599,0.538869143278 
284,0.539184849259,0.011945814299,0.0501559335323,0.0994514928056,0.299261910104 
285,0.507992548118,0.0123458748125,0.0498342285071,0.216187354268,0.213639994294 
286,0.529394939058,0.0118292795973,0.0471650934914,0.214330630681,0.197280057172 
287,0.0930430188543,0.0127882610266,0.0699802300944,0.038064544346,0.786123945679 
288,0.213514854656,0.0141641373163,0.0697690654637,0.0531232994319,0.649428643132 
289,0.560556200888,0.0114718136778,0.0464065297902,0.164460394533,0.217105061111 
290,0.527377918946,0.0117924412849,0.0467373265658,0.223495657088,0.190596656115 
291,0.401443730413,0.0135855773599,0.0606342378869,0.0712473910432,0.453089063297 
292,0.538856683857,0.0116659241133,0.0495542829823,0.0897964342861,0.310126674761 
293,0.353259278099,0.0135998200663,0.0625604134637,0.0626908112145,0.507889677156 
294,0.333649788681,0.0146243465927,0.0679222110129,0.0977209041752,0.486082749538 
295,0.54013823362,0.011588234762,0.0453340510122,0.221828682455,0.181110798151 
296,0.267386219018,0.0159452117554,0.0755905364918,0.123249982599,0.517828050137 
297,0.533307330478,0.0116436669163,0.0460605840416,0.22163919543,0.187349223134 
298,0.258245583575,0.0157270577194,0.0751809611356,0.10838647755,0.54245992002 
299,0.52524935584,0.0119370365562,0.0487400183957,0.19488623162,0.219187357589 
300,0.532683235481,0.0121865215128,0.0510479809619,0.104537926515,0.29954433553 
301,0.540620465451,0.0115491615475,0.0456863892569,0.214308041258,0.187835942486 
302,0.53532074578,0.0117706201198,0.050042131136,0.0959877005161,0.306878802448 
303,0.533855054462,0.0119910196443,0.0505970974266,0.10425484675,0.299301981717 
304,0.520226554589,0.0120279968217,0.0491756077268,0.197866039915,0.220703800948 
305,0.253759490018,0.0158536381708,0.0757841344297,0.109713597266,0.544889140116 
306,0.518718409177,0.0120720319542,0.0474740910676,0.232023212908,0.189712254894 
307,0.550318671037,0.0117814413351,0.0491252852983,0.102507962455,0.286266639875 
308,0.538468961919,0.01181248469,0.0499412242965,0.0984076588744,0.30136967022 
309,0.55067752741,0.0113247774731,0.0452130575013,0.200494228202,0.192290409414 
310,0.342205024179,0.0141562438101,0.0659132209646,0.0862832341901,0.491442276856 
311,0.517511251919,0.0127140274397,0.0529179406501,0.127647004197,0.289209775793 
312,0.353284933482,0.0135705203828,0.0625227562655,0.0630182638615,0.507603526008 
313,0.213109099147,0.0139122269874,0.0687621053701,0.0499825337922,0.654234034704 
314,0.511850312314,0.0122029604392,0.0495998740742,0.209608519982,0.21673833319 
315,0.195259266257,0.0141246066883,0.0718097726395,0.0631857313882,0.655620623027 
316,0.573766273227,0.0108453254094,0.0420687076464,0.20507405876,0.168245634957 
317,0.504932329936,0.0123617067886,0.0502341518786,0.214139696152,0.218332115245 
318,0.411672771084,0.0146076893129,0.0635393328478,0.158685735539,0.351494471216 
319,0.214204240765,0.0139160274573,0.0686679155064,0.0496384123536,0.653573403918 
320,0.523325294702,0.011908294449,0.0480525397415,0.210409266176,0.206304604931 
321,0.52627724175,0.0121764705172,0.051446648505,0.107203298105,0.302896341123 
322,0.111753034649,0.0129054453493,0.068527507039,0.0347055687561,0.772108444206 
323,0.124769480266,0.0138339522642,0.0722559771321,0.0449945616058,0.744146028732 
324,0.504456732469,0.0128029047392,0.0538700038975,0.136261432472,0.292608926422 
325,0.542596379559,0.0116661261923,0.0493323621696,0.0904020193047,0.306003112774 
326,0.535673573721,0.0117287001814,0.0498807483227,0.0904813010205,0.312235676754 
327,0.551002406475,0.0116541666645,0.0465769663944,0.185030342204,0.205736118262 
328,0.53921643822,0.0114215312609,0.0444561786183,0.232225870918,0.172679980983 
329,0.540245494438,0.0116596210911,0.0462407429176,0.208691472955,0.193162668598 
330,0.33170259831,0.0154987007755,0.0703718703512,0.195942436253,0.38648439431 
331,0.483151351929,0.01287492596,0.0527370962716,0.219364152064,0.231872473776 
332,0.16431134304,0.0133676245475,0.0686213211573,0.0424364843296,0.711263226925 
333,0.551715879305,0.0116963863317,0.0488723352916,0.103732340571,0.283983058501 
334,0.421409983714,0.0146014991612,0.0627341051899,0.164697970174,0.33655644176 
335,0.246811771506,0.0156317595779,0.0755153316157,0.105194895062,0.556846242238 
336,0.525664460845,0.0120698972929,0.0512714557689,0.102466314993,0.3085278711 
337,0.195857881856,0.0149126559839,0.0738106171126,0.0645333047965,0.650885540251 
338,0.516298767572,0.0122275244941,0.0494475554882,0.206112723226,0.215913429219 
339,0.263749700381,0.0161314505759,0.0763484966454,0.128255711393,0.515514641005 
340,0.542296062901,0.0115722261666,0.0462603472082,0.202484295341,0.197387068383 
341,0.375565734206,0.0135125364772,0.0615714945377,0.0670719610056,0.482278273773 
342,0.535812622247,0.0119287845995,0.0503307396848,0.0979663225918,0.303961530877 
343,0.263436460812,0.0161301675467,0.0759419695889,0.113355870467,0.531135531585 
344,0.541646024027,0.0116268385863,0.0460112626627,0.209544218893,0.191171655832 
345,0.533424201558,0.0120435855607,0.0507224537454,0.102738917385,0.301070841751 
346,0.531030400606,0.0117417417039,0.0464793566833,0.22089899939,0.189849501617 
347,0.518947956636,0.012184613759,0.0486143803198,0.21589521905,0.204357830235 
348,0.336579125084,0.014179632522,0.0664223066205,0.0892499836703,0.493568952103 
349,0.467573165725,0.0129639488638,0.0528215866235,0.245399879713,0.221241419075 
350,0.504263569161,0.0122970639713,0.04985953223,0.220015627248,0.21356420739 
351,0.519423148049,0.0119293440717,0.0483760670755,0.211302236672,0.208969204132 
352,0.110290740982,0.0128415954801,0.0683718850342,0.0344058342371,0.774089944266 
353,0.522055504267,0.0119927860795,0.0476588255431,0.221853998747,0.196438885363 
354,0.442566706701,0.0128216155433,0.0574890787419,0.0870408081954,0.400081790818 
355,0.538933988395,0.0118697988723,0.0481815387333,0.180206764724,0.220807909275 
356,0.183334133618,0.0139025280116,0.0700964577099,0.04921390308,0.68345297758 
357,0.413627187807,0.0147145240296,0.0636569049932,0.155387587338,0.352613795833 
358,0.410123033469,0.0146979289941,0.0639025150427,0.152666292275,0.35861023022 
359,0.327564627657,0.0139313579584,0.0659817221517,0.0818955793104,0.510626712923 
360,0.4358266128,0.0142670177031,0.0613288593017,0.147633548755,0.34094396144 
361,0.533777704413,0.0118192471027,0.0501908212523,0.0918296523253,0.312382574907 
362,0.368747200069,0.0151084875839,0.0669552587443,0.192480252088,0.356708801515 
363,0.506526322732,0.0124364516666,0.0502982062046,0.212901353336,0.217837666061 
364,0.488798016518,0.0126503915252,0.0547739251089,0.107860355666,0.335917311181 
365,0.529005929893,0.0118969254369,0.050653619833,0.093284629451,0.315158895386 
366,0.150785255884,0.0139048432166,0.0714019218123,0.0469760263814,0.716931952706 
367,0.415478138586,0.0144104254939,0.0630362910694,0.144986558112,0.362088586739 
368,0.241451821007,0.0164381373801,0.0783083563339,0.12355724721,0.540244438068 
369,0.182931782376,0.0145093304608,0.072992059599,0.0597479452829,0.669818882282 
370,0.40468699042,0.0143673691465,0.0637066247276,0.137915981557,0.379323034149 
371,0.532073361132,0.0119154442678,0.0485346087923,0.186545085206,0.220931500602 
372,0.479891949094,0.0135677902852,0.0560341063043,0.1785217392,0.271984415117 
373,0.550694258048,0.011534868607,0.048587022693,0.0915918435063,0.297592007146 
374,0.501434531041,0.012393293234,0.0494672165546,0.234081100843,0.202623858327 
375,0.103980309474,0.0126776515448,0.0678996992629,0.0328019641141,0.782640375604 
376,0.539065716701,0.0119458114388,0.0486515124041,0.172187285481,0.228149673975 
377,0.524777285838,0.0119028053747,0.0478260773034,0.212077330872,0.203416500612 
378,0.538380619791,0.0117457769201,0.0475362395406,0.190197587714,0.212139776034 
379,0.527361265232,0.01197628399,0.0486488916956,0.194619935523,0.217393623559 
380,0.341033517782,0.0139542663966,0.0653937679173,0.0835111553517,0.496107292552 
381,0.444382676751,0.0138107800129,0.059501253389,0.0898349182821,0.392470371565 
382,0.186685245092,0.01422949793,0.0718398887978,0.0574211718243,0.669824196356 
383,0.233515098735,0.0152742046196,0.0735182089991,0.0739145237012,0.603777963945 
384,0.210639870418,0.0139726227779,0.0690827633609,0.0503797699192,0.655924973524 
385,0.518877117025,0.0123574379077,0.0508535278047,0.175783058418,0.242128858845 
386,0.500062171978,0.0125441854241,0.0504880574682,0.223164317788,0.213741267341 
387,0.208665583167,0.0141041481466,0.0697468328715,0.0522194943171,0.655263941498 
388,0.548583361182,0.011478552282,0.0453917829222,0.205271012247,0.189275291367 
389,0.538238731172,0.0117042860931,0.0496782060576,0.0906921425811,0.309686634097 
390,0.554189704325,0.011733683261,0.0487833831412,0.101126958994,0.284166270279 
391,0.339486094441,0.0156882826121,0.0700059255249,0.204246163366,0.370573534056 
392,0.103012752204,0.0126857375428,0.0682837743961,0.0340995046422,0.781918231215 
393,0.522401097365,0.0118365446587,0.0508738736087,0.0888130755284,0.326075408839 
394,0.294983036599,0.0161928238159,0.0747555255023,0.149359196111,0.464709417972 
395,0.521025751264,0.0120580810631,0.0483324447492,0.213723629535,0.204860093388 
396,0.501427184871,0.0125393452328,0.0506908779284,0.217182643215,0.218159948753 
397,0.40332930961,0.0146882194423,0.0632567845364,0.202341549653,0.316384136759 
398,0.330937026057,0.0139415471775,0.0655900584619,0.0780277116654,0.511503656639 
399,0.525867621317,0.0118847984858,0.0483984943186,0.198864881633,0.214984204246 
400,0.485450743364,0.0126249751226,0.0514677497388,0.230966490265,0.219490041509 
401,0.362834494051,0.0135548154812,0.0620684630636,0.0638305983212,0.497711629083 
402,0.533578519488,0.0117569368071,0.0468155272161,0.211827968083,0.196021048406 
403,0.561014739288,0.0113908690757,0.0459984571534,0.169802929378,0.211793005105 
404,0.181949545438,0.0138632181304,0.0699686677744,0.0485404839682,0.685678084689 
405,0.362322525674,0.0137705770291,0.0630827449288,0.0707600329509,0.490064119417 
406,0.533017417887,0.0117698893523,0.0467746472452,0.213786097109,0.194651948406 
407,0.491417478792,0.0127965339463,0.0548987090437,0.121858314057,0.319028964161 
408,0.495049975346,0.0126844789718,0.0512090484324,0.222531668942,0.218524828308 
409,0.579024826176,0.0111059207119,0.0444922805319,0.159420683523,0.205956289057 
410,0.105756518518,0.0127505148885,0.0681889179547,0.0336119466311,0.779692102008 
411,0.399887907959,0.0145578664924,0.0634355616675,0.19682693708,0.325291726801 
412,0.509078892299,0.0123187135282,0.0528139476963,0.103554922832,0.322233523644 
413,0.508668495212,0.0120478317888,0.0484373001632,0.230392003737,0.200454369099 
414,0.574780003905,0.0116922730313,0.0469315714421,0.12800648786,0.238589663762 
415,0.509234263911,0.0122813179512,0.0497790345274,0.213107795564,0.215597588046 
416,0.564244827153,0.0113629884923,0.0474088892117,0.0920997206114,0.284883574531 
417,0.524997713171,0.0119092519868,0.0486042520417,0.19708707012,0.217401712681 
418,0.51280076369,0.0121576513114,0.0490930686161,0.21605341093,0.209895105453 
419,0.52243824415,0.0118375557942,0.0509435094429,0.0934659416673,0.321314748946 
420,0.43596942427,0.0140835085572,0.061002444099,0.143815091689,0.345129531385 
421,0.565264245095,0.0112577156619,0.0455777201735,0.166122345408,0.211777973662 
422,0.192147939031,0.0136955559696,0.0687482062184,0.0465141256534,0.678894173128 
423,0.169452747051,0.0134653325802,0.0687697140748,0.0433416918258,0.704970514468 
424,0.497016527447,0.0127507400065,0.0544567001029,0.117197196173,0.31857883627 
425,0.429459522352,0.0143555080042,0.0618811900988,0.152638914178,0.341664865368 
426,0.245419283342,0.0152357215782,0.0742032861855,0.0950097048016,0.570132004093 
427,0.370246891592,0.0140821714217,0.0638832210446,0.0799046972173,0.471883018724 
428,0.204790099806,0.0138741393911,0.0690168241021,0.0495508988546,0.662768037846 
429,0.373187081249,0.0149310391626,0.0663684926828,0.188466738765,0.35704664814 
430,0.214997245689,0.0141475603971,0.0696173385542,0.0528353724566,0.648402482903 
431,0.418065319139,0.0143505036785,0.0627186372057,0.147600448258,0.357265091719 
432,0.51096136074,0.0122602956734,0.0498317041964,0.208578984876,0.218367654515 
433,0.518233227396,0.0119954853342,0.048079737149,0.220535519785,0.201156030336 
434,0.542302333227,0.0118536084205,0.0483337108435,0.169589686188,0.227920661321 
435,0.185320521047,0.0137000617581,0.0693049280186,0.0478541699493,0.683820319227 
436,0.168071247762,0.0134859343354,0.0689628566279,0.0437754572905,0.705704503984 
437,0.525501225131,0.0118534420631,0.0507355412275,0.0897216427894,0.322188148789 
438,0.528783565063,0.0119844098679,0.0488401459216,0.188444791448,0.221947087699 
439,0.158598352097,0.0133433449279,0.0690567976452,0.0436421438386,0.715359361491 
440,0.516876949851,0.0123569914932,0.0521569705552,0.135650762052,0.282958326049 
441,0.297941962733,0.0145378716012,0.0693441773668,0.0889854314799,0.529190556819 
442,0.531126297099,0.0118413892086,0.0479542637763,0.197401898226,0.211676151691 
443,0.443605675765,0.013965256956,0.0602312563689,0.144922684878,0.337275126033 
444,0.512841306058,0.0119166986619,0.0473419087089,0.238334080595,0.189566005977 
445,0.554267966335,0.0113486502482,0.0448782744251,0.201623717274,0.187881391718 
446,0.54230999386,0.0116299325866,0.0462076557171,0.205218068304,0.194634349532 
447,0.528630467508,0.0121222003843,0.0511585947526,0.0978003354238,0.310288401932 
448,0.38222669003,0.0142986867164,0.0645607492623,0.102979939481,0.435933934511 
449,0.363673155022,0.014107441734,0.0647346806573,0.0889216341197,0.468563088467 
450,0.377211756272,0.0145864450781,0.0658592788453,0.15880773051,0.383534789294 
451,0.198566839527,0.0140989931169,0.0704624831493,0.05385407881,0.663017605397 
452,0.49159504413,0.0130954522047,0.0554743126553,0.121111775364,0.318723415646 
453,0.545815448879,0.0113322265775,0.0444625503029,0.220521602718,0.177868171523 
454,0.173219640059,0.0138154881827,0.070214553594,0.0480538834186,0.694696434746 
455,0.52424089419,0.0119673518442,0.0483851320488,0.204685507694,0.210721114223 
456,0.563072076429,0.0108940819422,0.042591414746,0.213465118465,0.169977308418 
457,0.430907951676,0.0140973499604,0.0613698256633,0.14417056011,0.349454312591 
458,0.389900020614,0.0148108898773,0.0649436618269,0.186875950207,0.343469477475 
459,0.491676749684,0.0122229102945,0.0535412192904,0.0919552457828,0.350603874949 
460,0.107377624693,0.0127888665492,0.0681970229905,0.0335882546486,0.778048231119 
461,0.532271435488,0.0117811000087,0.047624953784,0.199860905112,0.208461605608 
462,0.519979881522,0.0122798367311,0.0501272997334,0.187665763161,0.229947218852 
463,0.229156822008,0.0142712638435,0.0695692611194,0.0557201672211,0.631282485808 
464,0.378259808958,0.0149093190896,0.0655398281774,0.204208998744,0.337082045031 
465,0.525989229632,0.0117714502471,0.0468639217046,0.22284117713,0.192534221286 
466,0.526128245133,0.0119191748083,0.0486094393934,0.195405971079,0.217937169586 
467,0.251137101099,0.0163494085258,0.0776150188425,0.127979031522,0.526919440011 
468,0.527490246489,0.0124356172372,0.0510593942376,0.155107791038,0.253906950998 
469,0.537050140513,0.0118309948566,0.0500248311225,0.0930258423377,0.308068191171 
470,0.411684272731,0.0144894324943,0.0634956512511,0.133544149157,0.376786494367 
471,0.185439497238,0.0141487052337,0.07126604425,0.0540058518898,0.675139901389 
472,0.198433210908,0.0169082040905,0.0823488162676,0.131824652605,0.570485116129 
473,0.39643381899,0.0148220765643,0.0651323533908,0.147967430531,0.375644320524 
474,0.543177077937,0.0116572706475,0.0470324072209,0.189152202343,0.208981041851 
475,0.562584050013,0.0114084810658,0.0456961182424,0.174352019188,0.205959331491 
476,0.537585123802,0.0116233756477,0.0495327543213,0.0885963370512,0.312662409177 
477,0.172892737508,0.0136608567407,0.0694915335116,0.0457904565328,0.698164415706 
478,0.530825171849,0.0116899033786,0.0462403187543,0.223643626141,0.187600979877 
479,0.169906314502,0.0134995953596,0.0689472396403,0.0440144618158,0.703632388683 
480,0.557940077186,0.0114128369684,0.047895082644,0.0910984021334,0.291653601068 
481,0.359081920924,0.0152638299899,0.0677744139977,0.200945809487,0.356934025601 
482,0.413626462842,0.0144632939953,0.0620003083047,0.203243970565,0.306665964293 
483,0.53546285139,0.0112804718812,0.0437183019429,0.244571129091,0.164967245695 
484,0.248531385121,0.0157347803492,0.0757868673001,0.108587068917,0.551359898313 
485,0.440291739905,0.0142205507212,0.0609248952105,0.147765795382,0.336797018781 
486,0.376823349702,0.0151868475367,0.0660202385675,0.209924946673,0.332044617521 
487,0.524657301007,0.0118398782153,0.0474572412577,0.216792041612,0.199253537908 
488,0.540802034146,0.0116219074595,0.0459853812066,0.211117333701,0.190473343486 
489,0.342877212867,0.0143150594242,0.0666279772919,0.0953308415336,0.480848908883 
