ID,Adoption,Died,Euthanasia,Return_to_owner,Transfer
1,0.356725820463,0.0196503921559,0.0567558460969,0.208932598334,0.357935342951 
2,0.452243167696,0.0168624016967,0.0452412845634,0.247743699253,0.237909446791 
3,0.47920644807,0.0158353488245,0.0452326456144,0.1575907377,0.302134819791 
4,0.358919484685,0.0198800847665,0.056630077762,0.221552658425,0.343017694361 
5,0.468383836726,0.0166667203184,0.0436005752686,0.254213997123,0.217134870564 
6,0.480897500258,0.0163107796975,0.0421361899845,0.256393716947,0.204261813113 
7,0.45687879917,0.0170479573643,0.0476767703601,0.183705005516,0.294691467589 
8,0.46625259251,0.0156969832178,0.0459448285739,0.143665050429,0.328440545269 
9,0.456362962604,0.0167132267463,0.0449198478859,0.244058995128,0.237944967636 
10,0.48404161907,0.0161612694544,0.0428258180323,0.233295884219,0.223675409225 
11,0.468631101738,0.0165688133612,0.0440398703561,0.241525906504,0.229234308041 
12,0.363842980032,0.0195300072358,0.0561986573454,0.207418707858,0.353009647529 
13,0.490887660702,0.0159451568224,0.0426564006005,0.220053757681,0.230457024194 
14,0.35802766202,0.0196778538065,0.0576203742163,0.172126854465,0.392547255493 
15,0.457550654662,0.0167443396844,0.0439024817593,0.264954871545,0.216847652349 
16,0.458937680764,0.0166257948958,0.045102118018,0.233067896515,0.246266509808 
17,0.457804180965,0.0169605190114,0.0438523964601,0.27175477742,0.209628126143 
18,0.455226854378,0.0168416523957,0.0440551515478,0.267856100256,0.216020241423 
19,0.461620138152,0.0159093195254,0.0464761053718,0.146523291007,0.329471145944 
20,0.157255578809,0.0163218121565,0.0588238486419,0.0563303350874,0.711268425305 
21,0.439858544087,0.0163992890531,0.0482682222443,0.152022259371,0.343451685245 
22,0.0780061972793,0.0139374262105,0.0550902756655,0.033939224507,0.819026876338 
23,0.46942110607,0.0165839600037,0.043028182784,0.261845304786,0.209121446356 
24,0.160382061772,0.0160982113695,0.0581436509481,0.0552042830757,0.710171792835 
25,0.462225702065,0.0165557425746,0.0448429063786,0.231885452553,0.244490196428 
26,0.314937173705,0.017636843446,0.0563856436466,0.0971183111143,0.513922028088 
27,0.466852449344,0.0156696425962,0.0458761516434,0.14330055332,0.328301203097 
28,0.233433601061,0.0204162091268,0.0655411233566,0.121107906594,0.559501159861 
29,0.462428187339,0.0168042364974,0.0435307716009,0.267511611353,0.20972519321 
30,0.466037750462,0.0167296486615,0.0437812729111,0.25557961816,0.217871709805 
31,0.341600165785,0.0197463686855,0.0587076039669,0.166011504556,0.413934357006 
32,0.456556714205,0.016706197336,0.0449046805118,0.243886036681,0.237946371266 
33,0.313545277954,0.0177107199983,0.0565908903376,0.0976832660092,0.5144698457 
34,0.484140085353,0.0158185300395,0.044797700765,0.163560060186,0.291683623657 
35,0.310979641703,0.0176595702769,0.0567243044066,0.112669460906,0.501967022707 
36,0.490411745341,0.0160172734191,0.0414416065645,0.24913208009,0.202997294585 
37,0.312145818428,0.0177858713747,0.0567990261019,0.0982625656456,0.51500671845 
38,0.469081440328,0.0165781267726,0.0430642878356,0.261420588474,0.20985555659 
39,0.455133916623,0.0168208492155,0.0454201441986,0.238133518567,0.244491571396 
40,0.381884811252,0.0189978161581,0.0553822492844,0.163759759859,0.379975363446 
41,0.346587528516,0.0196994677165,0.0576138489365,0.201115039312,0.374984115519 
42,0.175867497197,0.016951963084,0.0597661947706,0.06325016006,0.684164184888 
43,0.446058262838,0.0163972562667,0.0478358659085,0.158047319647,0.331661295339 
44,0.17441559393,0.0169582681668,0.0598422875125,0.0632921915053,0.685491658885 
45,0.313545277954,0.0177107199983,0.0565908903376,0.0976832660092,0.5144698457 
46,0.332968711324,0.0191168468942,0.0582357966888,0.152097767276,0.437580877817 
47,0.465964329471,0.0159749885091,0.0462343023934,0.153245831566,0.318580548061 
48,0.487981473887,0.016100922693,0.0416137146166,0.251339014495,0.202964874308 
49,0.460104883283,0.0168780437005,0.0446969646381,0.24915734153,0.229162766848 
50,0.365786049517,0.0194083458039,0.0556838065358,0.214344081519,0.344777716625 
51,0.336103611987,0.0183915108334,0.0569357484327,0.134498843668,0.454070285079 
52,0.446110965252,0.0173585331416,0.0457644286032,0.260973419698,0.229792653304 
53,0.480850156633,0.0157609884843,0.0450529035843,0.156481021976,0.301854929322 
54,0.315615479458,0.0179171442089,0.057027013649,0.119562725986,0.489877636697 
55,0.0799090819989,0.014488139335,0.0566239215526,0.0369262017819,0.812052655332 
56,0.454052997914,0.0165255274637,0.0475740923429,0.161307783434,0.320539598845 
57,0.485724710832,0.0161452793611,0.0417958847117,0.251997070849,0.204337054247 
58,0.0841925845851,0.0139123932592,0.0546929103259,0.0336313911551,0.813570720675 
59,0.158823009802,0.0162075200163,0.0584771995709,0.0557504361772,0.710741834434 
60,0.460526787345,0.0166756996085,0.0441711705787,0.253333593975,0.225292748493 
61,0.34992142381,0.0197744587555,0.0580327080904,0.181028269037,0.391243140308 
62,0.466962089068,0.0167017463017,0.043174507217,0.265558798744,0.207602858669 
63,0.455391158978,0.0164641808505,0.0472965932836,0.165747987825,0.315100079063 
64,0.175825987616,0.0169549594076,0.0597750667811,0.0632667646992,0.684177221496 
65,0.175657466328,0.0169671487917,0.0598111468602,0.0633343712445,0.684229866776 
66,0.464830323586,0.0166844047794,0.0443369733853,0.244119177072,0.230029121176 
67,0.466702653695,0.0156764666351,0.0458932988169,0.143391453011,0.328336127841 
68,0.3237851645,0.0209487747272,0.0601418154849,0.231213068403,0.363911176884 
69,0.485642847275,0.0161647398933,0.0417903072611,0.252770671987,0.203631433584 
70,0.159604401442,0.0161521912739,0.0583086246737,0.0554729153525,0.710461867258 
71,0.200311678855,0.0198315474885,0.0659373404279,0.112881128489,0.601038304739 
72,0.486059771052,0.0160872405087,0.042668102229,0.231514816155,0.223670070055 
73,0.0849739112346,0.014274810896,0.0557614090667,0.0359085676852,0.809081301118 
74,0.484902705338,0.0162174082713,0.0423279262548,0.244489021274,0.212062938863 
75,0.165974627851,0.0164359702077,0.0588423969737,0.058697176976,0.700049827991 
76,0.310979641703,0.0176595702769,0.0567243044066,0.112669460906,0.501967022707 
77,0.466852449344,0.0156696425962,0.0458761516434,0.14330055332,0.328301203097 
78,0.291078307913,0.0180773446825,0.0582755493716,0.100121815257,0.532446982776 
79,0.474531029019,0.0162750554139,0.0438683639301,0.226937862434,0.238387689203 
80,0.472722760571,0.015869229586,0.0454599334663,0.164047291764,0.301900784613 
81,0.175862613926,0.0169523154519,0.0597672381818,0.0632521124796,0.684165719961 
82,0.086309183923,0.014268762878,0.0556751244161,0.0358393569147,0.807907571868 
83,0.488067146611,0.0160814081373,0.0416188407777,0.250566813675,0.203665790798 
84,0.16868855931,0.0173981407239,0.0612351318361,0.0680165048844,0.684661663246 
85,0.461279939835,0.0169344220724,0.0441079731848,0.261427954608,0.216249710299 
86,0.181620182203,0.0173188440371,0.0604894070735,0.0674267343165,0.67314483237 
87,0.361454426754,0.0195896332817,0.0564064380104,0.208309777452,0.354239724502 
88,0.489672923828,0.0159911767458,0.0427558945196,0.221103080396,0.230476924511 
89,0.159604401442,0.0161521912739,0.0583086246737,0.0554729153525,0.710461867258 
90,0.466702653695,0.0156764666351,0.0458932988169,0.143391453011,0.328336127841 
91,0.176092414143,0.0177481849049,0.0617319945172,0.0699930712091,0.674434335226 
92,0.159378949826,0.0172329184004,0.0611494772424,0.0649922475465,0.697246406985 
93,0.464547466122,0.0157247822816,0.0460698960868,0.14391161414,0.32974624137 
94,0.463675588428,0.0168124382011,0.0439539430317,0.257723501703,0.217834528636 
95,0.291701048551,0.017229064053,0.0564149018644,0.0872698034813,0.54738518205 
96,0.470734129929,0.0166034521004,0.0434195586051,0.252841561909,0.216401297457 
97,0.463097880975,0.016771401718,0.0448891530632,0.2371903356,0.238051228643 
98,0.175825987616,0.0169549594076,0.0597750667811,0.0632667646992,0.684177221496 
99,0.310979641703,0.0176595702769,0.0567243044066,0.112669460906,0.501967022707 
100,0.470351694181,0.0165738664827,0.0443097102419,0.233237563446,0.235527165647 
101,0.457112983456,0.0163852322742,0.0471067566466,0.164525609852,0.314869417771 
102,0.44179521221,0.0163085917159,0.0480424260361,0.150755860306,0.343097909733 
103,0.458568110145,0.0167653452868,0.0443095792539,0.255904696488,0.224452268826 
104,0.490411745341,0.0160172734191,0.0414416065645,0.24913208009,0.202997294585 
105,0.465324299475,0.0157393651237,0.0460511646008,0.144231680346,0.328653490455 
106,0.468410506529,0.0166462956182,0.0436071894313,0.253429527906,0.217906480516 
107,0.45622705496,0.0168472423902,0.0444824374967,0.258026985514,0.22441627964 
108,0.35940757075,0.0196879001067,0.056635388765,0.210024889213,0.354244251165 
109,0.454800597788,0.015679033379,0.0464707050313,0.143215858051,0.33983380575 
110,0.459285854874,0.0159663527855,0.0466742286868,0.147172578088,0.330900985566 
111,0.476808629127,0.0164254658246,0.0433865864841,0.239713552839,0.223665765726 
112,0.490411745341,0.0160172734191,0.0414416065645,0.24913208009,0.202997294585 
113,0.449305503129,0.0171287534341,0.0449708378198,0.265917598486,0.222677307131 
114,0.466012642295,0.0167499210648,0.0437740383811,0.256364397961,0.217099000298 
115,0.165478905371,0.0164714785981,0.0589493685847,0.0588839827936,0.700216264653 
116,0.481042744825,0.0162973177689,0.0426360370336,0.245770879825,0.214253020547 
117,0.473133649891,0.0164447199747,0.0440823449718,0.229988112377,0.236351172785 
118,0.359357473289,0.0198923784405,0.0562682898253,0.232386714124,0.332095144321 
119,0.452777883,0.0170822745936,0.0441015168779,0.276941505281,0.209096820248 
120,0.311430284983,0.0177382372743,0.056734548117,0.0978433059795,0.516253623646 
121,0.466852449344,0.0156696425962,0.0458761516434,0.14330055332,0.328301203097 
122,0.480850156633,0.0157609884843,0.0450529035843,0.156481021976,0.301854929322 
123,0.478517569645,0.0158222930257,0.0452544214253,0.157254126221,0.303151589683 
124,0.0841925845851,0.0139123932592,0.0546929103259,0.0336313911551,0.813570720675 
125,0.215682778791,0.0202573431078,0.0660982455575,0.120640275871,0.577321356673 
126,0.469015722541,0.0164283921086,0.0430436996815,0.257557178423,0.213955007246 
127,0.307902875445,0.0180189964861,0.0574407035475,0.100087855466,0.516549569055 
128,0.471087013012,0.0157411185075,0.0456585130351,0.149916834149,0.317596521297 
129,0.480850156633,0.0157609884843,0.0450529035843,0.156481021976,0.301854929322 
130,0.478517569645,0.0158222930257,0.0452544214253,0.157254126221,0.303151589683 
131,0.470734129929,0.0166034521004,0.0434195586051,0.252841561909,0.216401297457 
132,0.480850156633,0.0157609884843,0.0450529035843,0.156481021976,0.301854929322 
133,0.316094414679,0.01757608587,0.0562163532792,0.0966571224748,0.513456023697 
134,0.45742406443,0.0167090581948,0.0452304653379,0.235256038632,0.245380373405 
135,0.452082109811,0.0163525678467,0.0475738183103,0.152641529355,0.331349974678 
136,0.474424867491,0.0164470109761,0.0435802639413,0.239515662563,0.226032195029 
137,0.476231566445,0.0161733339594,0.045638323537,0.169209008486,0.292747767573 
138,0.0780269530862,0.0139343388629,0.0550805000501,0.0339271447145,0.819031063286 
139,0.45723318793,0.0168692961283,0.0448341596044,0.249908029542,0.231155326795 
140,0.483306913818,0.0162282775314,0.0419666837931,0.254197242609,0.204300882248 
141,0.485259973419,0.0161099853104,0.0431099191442,0.223379264866,0.23214085726 
142,0.317854208647,0.0178758596154,0.0568497879728,0.119196861078,0.488223282687 
143,0.477666463249,0.0164436049119,0.0437283454892,0.231572474287,0.230589112063 
144,0.448930291163,0.0172734112512,0.0460175031202,0.248965309201,0.238813485264 
145,0.488850119901,0.016028209665,0.0424467002984,0.230564437828,0.222110532308 
146,0.479187232408,0.0163815753427,0.0431961192821,0.239122794313,0.222112278654 
147,0.469134899186,0.0162939294927,0.0463325479253,0.164565538393,0.303673085003 
148,0.453244160843,0.0171139734653,0.0441676984144,0.275944562606,0.209529604672 
149,0.159604401442,0.0161521912739,0.0583086246737,0.0554729153525,0.710461867258 
150,0.307537681513,0.0186277061259,0.0587098289877,0.131400427937,0.483724355437 
151,0.298399183489,0.0174896022245,0.0567333382372,0.0924268724847,0.534951003564 
152,0.178409422178,0.0174590184163,0.0609554242603,0.0682650092405,0.674911125905 
153,0.466834892829,0.0166063526683,0.0445852924905,0.233072367565,0.238901094447 
154,0.360429494728,0.0200387349854,0.0563879835973,0.233912795209,0.32923099148 
155,0.367827212276,0.0185759797949,0.0556482698576,0.145721420284,0.412227117787 
156,0.45857613742,0.0166571254273,0.0447460758523,0.242922834309,0.237097826991 
157,0.457804180965,0.0169605190114,0.0438523964601,0.27175477742,0.209628126143 
158,0.160339374956,0.016101146388,0.0581526342643,0.0552188339575,0.710188010434 
159,0.461620138152,0.0159093195254,0.0464761053718,0.146523291007,0.329471145944 
160,0.489641471546,0.0160865923006,0.0419624749637,0.241670835087,0.210638626104 
161,0.461842396818,0.0166102695513,0.0444883540623,0.242500254571,0.234558724998 
162,0.478565629219,0.0161924273383,0.0423109859927,0.252596006505,0.210334950945 
163,0.115337280989,0.0179302143675,0.0647793549755,0.0664717196738,0.735481429994 
164,0.466852449344,0.0156696425962,0.0458761516434,0.14330055332,0.328301203097 
165,0.4644545113,0.01660202863,0.0433565642811,0.26247537969,0.213111516099 
166,0.471398419745,0.0157269657559,0.0456235344365,0.149717267497,0.317533812566 
167,0.480921491277,0.016129449037,0.0421326308913,0.251188756692,0.209627672102 
168,0.481627840317,0.0162496321751,0.043013729653,0.235431749864,0.223677047991 
169,0.483353097264,0.0160750847936,0.0424066616706,0.240547728261,0.217617428011 
170,0.489358077422,0.0160592099276,0.0419976830892,0.240490529386,0.212094500176 
171,0.16275397996,0.0178029589306,0.0624565919944,0.07052915285,0.686457316265 
172,0.469629836278,0.0165773147437,0.04395703109,0.242220958707,0.227614859182 
173,0.482470686624,0.0162631114859,0.0433415995169,0.227362793042,0.230561809331 
174,0.480068194138,0.0163534640663,0.0435353936821,0.229464712024,0.23057823609 
175,0.473088252922,0.0165398562225,0.0432382430395,0.251462758387,0.215670889429 
176,0.313159724021,0.0188806933756,0.0588771199275,0.139491194816,0.46959126786 
177,0.453154192278,0.017166872525,0.0441272840673,0.278246564056,0.207305087074 
178,0.45881467106,0.016527971914,0.0470237336723,0.173432161699,0.304201461655 
179,0.367563010299,0.0190342598066,0.0562881236071,0.157559780261,0.399554826027 
180,0.199805301028,0.0198729040112,0.0660477875431,0.113264516686,0.601009490731 
181,0.17586017227,0.01695249165,0.0597677599229,0.0632530887962,0.684166487361 
182,0.310979641703,0.0176595702769,0.0567243044066,0.112669460906,0.501967022707 
183,0.474058777691,0.0164602450667,0.0426775394942,0.259065233564,0.207738204185 
184,0.341313959504,0.01948985081,0.0576153482548,0.198333157007,0.383247684424 
185,0.479216513123,0.0163377098265,0.0432006738614,0.237571356176,0.223673747012 
186,0.464307094415,0.0165910109618,0.0442919433962,0.242756777512,0.232053173716 
187,0.152916465478,0.0164647511971,0.0594664812341,0.0589657953662,0.712186506725 
188,0.46547525263,0.0166824363562,0.0446976553927,0.23509119004,0.238053465581 
189,0.480539041075,0.0160686457233,0.0430185686793,0.230771186396,0.229602558126 
190,0.464207737356,0.0164813721811,0.0446804188583,0.230148654948,0.244481816657 
191,0.475236941009,0.0164873592036,0.0439217733095,0.232135508865,0.232218417613 
192,0.48401469617,0.016205431343,0.0428232863178,0.234835158035,0.222121428135 
193,0.366421744224,0.0191936734343,0.0558634669032,0.193774315119,0.36474680032 
194,0.35760755493,0.0196318095619,0.0575789924991,0.171377393941,0.393804249068 
195,0.474026701273,0.0164171060673,0.0436160697478,0.238305426955,0.227634695957 
196,0.480204853322,0.0157901637807,0.0451234731724,0.156915699298,0.301965810427 
197,0.454589466004,0.016777512594,0.0450584700236,0.245643574612,0.237930976767 
198,0.488067146611,0.0160814081373,0.0416188407777,0.250566813675,0.203665790798 
199,0.447579972608,0.0170305751476,0.0456027152563,0.251929264495,0.237857472493 
200,0.477849081903,0.0163911203987,0.0428796636785,0.247908703223,0.214971430796 
201,0.0841882389129,0.0139129349093,0.0546946372024,0.0336334474082,0.813570741567 
202,0.431978722672,0.0167713100486,0.0491882814061,0.157300995995,0.344760689879 
203,0.467723047387,0.0166244132039,0.0431599053458,0.262662558037,0.209830076026 
204,0.332968711324,0.0191168468942,0.0582357966888,0.152097767276,0.437580877817 
205,0.357872559071,0.0199800910136,0.0567906797929,0.223549073102,0.34180759702 
206,0.46348038196,0.0158238032049,0.0462625789244,0.145366362095,0.329066873816 
207,0.457550654662,0.0167443396844,0.0439024817593,0.264954871545,0.216847652349 
208,0.331156317797,0.0205975223965,0.0593221228915,0.224933062942,0.363990973973 
209,0.489641471546,0.0160865923006,0.0419624749637,0.241670835087,0.210638626104 
210,0.455236164466,0.0168227830639,0.0440664002932,0.267071658338,0.216802993839 
211,0.160128003387,0.016115727578,0.0581972405379,0.0552912179673,0.71026781053 
212,0.450989986086,0.0171895962113,0.0443229359065,0.2780169248,0.209480556995 
213,0.462428187339,0.0168042364974,0.0435307716009,0.267511611353,0.20972519321 
214,0.366409909599,0.0186536269946,0.0558416737184,0.146662490764,0.412432298924 
215,0.160354315897,0.0161001187236,0.0581494890315,0.0552137383934,0.710182337954 
216,0.341600165785,0.0197463686855,0.0587076039669,0.166011504556,0.413934357006 
217,0.323778147165,0.0177615618975,0.0562924481593,0.101854430009,0.500313412768 
218,0.465324299475,0.0157393651237,0.0460511646008,0.144231680346,0.328653490455 
219,0.487328163231,0.0161313740264,0.0421484676887,0.242310099978,0.212081895076 
220,0.44843385391,0.0172973893325,0.0455826764229,0.259684766123,0.229001314212 
221,0.331197781152,0.019973746961,0.0585859304643,0.214203457381,0.376039084042 
222,0.175730744567,0.0169618435708,0.0597954460382,0.0633049354259,0.684207030398 
223,0.311106691422,0.0176524309878,0.0567049344101,0.112601448533,0.501934494647 
224,0.48404161907,0.0161612694544,0.0428258180323,0.233295884219,0.223675409225 
225,0.340030154968,0.0210513146967,0.0588834501724,0.244332650221,0.335702429941 
226,0.471490105713,0.0163530864661,0.0437306404751,0.237173632671,0.231252534675 
227,0.160320164296,0.0161024683165,0.0581566798317,0.0552253897587,0.710195297797 
228,0.103384928114,0.0177044754789,0.0648997218851,0.0663206649054,0.747690209617 
229,0.467063008378,0.0166642059473,0.0431936639002,0.264002884889,0.209076236886 
230,0.165818506752,0.0164471101981,0.0588759775236,0.0587556932064,0.70010271232 
231,0.480850156633,0.0157609884843,0.0450529035843,0.156481021976,0.301854929322 
232,0.476629839583,0.0163443638809,0.0434113429636,0.23677704752,0.226837406053 
233,0.15259130229,0.0157298863079,0.0575738480676,0.0538163898992,0.720288573435 
234,0.334210646838,0.0200033239723,0.0584407269277,0.215127373521,0.372217928741 
235,0.466700988413,0.0165793435566,0.0431626669309,0.262673068386,0.210883932713 
236,0.480850156633,0.0157609884843,0.0450529035843,0.156481021976,0.301854929322 
237,0.464717907668,0.0167438229403,0.0433576567223,0.266151075662,0.209029537007 
238,0.213739428113,0.02007374323,0.0657763719802,0.113997151769,0.586413304907 
239,0.467225390825,0.0166199638185,0.0441488236466,0.242779981313,0.229225840397 
240,0.315867183426,0.0175879681936,0.0562494968123,0.0967470688179,0.51354828275 
241,0.387683825619,0.0190499018323,0.0550110413594,0.17132218686,0.366933044329 
242,0.455402552318,0.017047545405,0.0450556458644,0.253389208089,0.229105048323 
243,0.316094414679,0.01757608587,0.0562163532792,0.0966571224748,0.513456023697 
244,0.46360760601,0.016034920712,0.0464366724563,0.153973916627,0.319946884194 
245,0.47168117781,0.0165413477542,0.0428446459922,0.261237932903,0.207694895541 
246,0.471362659011,0.0166352655157,0.0428004637529,0.265119330254,0.204082281467 
247,0.477703531651,0.0160232597282,0.0453901728039,0.166500108329,0.294382927488 
248,0.465324299475,0.0157393651237,0.0460511646008,0.144231680346,0.328653490455 
249,0.487211763172,0.0161727872518,0.0421419440449,0.243852991458,0.210620514073 
250,0.457281836144,0.0163774969055,0.0470881344762,0.164406185774,0.314846346699 
251,0.208543758111,0.0201604077708,0.0662044040996,0.114835075366,0.590256354652 
252,0.462386650896,0.016822788072,0.0435201324604,0.268288778167,0.208981650405 
253,0.181720872639,0.0173113773703,0.0604676215659,0.0673829828899,0.673117145535 
254,0.476107657295,0.0164741810466,0.0424711532953,0.26077088939,0.204176118973 
255,0.147820905709,0.0160962666696,0.0586660724528,0.0552864765437,0.722130278625 
256,0.487274029547,0.0160819280412,0.0429517748832,0.223180895714,0.230511371815 
257,0.372831774673,0.0197068574184,0.0566942060265,0.180565276252,0.37020188563 
258,0.465324299475,0.0157393651237,0.0460511646008,0.144231680346,0.328653490455 
259,0.455414527527,0.0170911405903,0.0439724482267,0.276166671922,0.207355211734 
260,0.36589318014,0.0196263091231,0.056980616828,0.178539902568,0.378959991341 
261,0.469081440328,0.0165781267726,0.0430642878356,0.261420588474,0.20985555659 
262,0.464830323586,0.0166844047794,0.0443369733853,0.244119177072,0.230029121176 
263,0.491281434882,0.0159302294056,0.0426241040698,0.219714020152,0.23045021149 
264,0.478512815413,0.0162120638554,0.0423045370743,0.253376338989,0.209594244668 
265,0.467247315666,0.0167077191917,0.0441326948414,0.245927200367,0.225985069934 
266,0.473210697106,0.01610778191,0.0458878127145,0.161707412055,0.303086296215 
267,0.229086559266,0.0209820926145,0.0668655726904,0.131284105612,0.551781669817 
268,0.165195688833,0.0164919438353,0.0590109359227,0.0589920248737,0.700309406535 
269,0.0837968979437,0.0139622317075,0.0548516307565,0.0338211454302,0.813568094162 
270,0.45041887074,0.0164635315201,0.047388054899,0.172276578956,0.313452963885 
271,0.175584175645,0.0169724624577,0.0598268689576,0.0633638712157,0.684252621724 
272,0.312145818428,0.0177858713747,0.0567990261019,0.0982625656456,0.51500671845 
273,0.374089098312,0.0196581392119,0.0551814518667,0.227543051334,0.323528259276 
274,0.3507621825,0.0198271415816,0.0581952976946,0.175322401685,0.395892976538 
275,0.295274350607,0.0184965117055,0.0589611853312,0.107537062482,0.519730889875 
276,0.174091293458,0.0170823398268,0.0601511598669,0.0639776850417,0.684697521806 
277,0.0841860660553,0.0139132057845,0.0546955007847,0.0336344757752,0.8135707516 
278,0.321231695603,0.017899349676,0.0566693527509,0.102971331364,0.501228270606 
279,0.45125735215,0.0158404667425,0.0468796770451,0.145394428411,0.340628075651 
280,0.287901416353,0.0181140748396,0.0586193766222,0.116687023621,0.518678108565 
281,0.460683727403,0.0168366851867,0.0450818309191,0.238500191846,0.238897564646 
282,0.46665960129,0.0165982839655,0.0431532762517,0.263454378612,0.21013445988 
283,0.208277421778,0.0201818040331,0.0662609740444,0.115033034713,0.590246765431 
284,0.480689002065,0.0157682723789,0.0450705277671,0.156589456079,0.301882741711 
285,0.476107657295,0.0164741810466,0.0424711532953,0.26077088939,0.204176118973 
286,0.473819227017,0.0163369990615,0.0426595684581,0.256175757384,0.211008448079 
287,0.0804321096284,0.0143196406883,0.0561290683544,0.0362572084445,0.812861972884 
288,0.180273455948,0.0173170343155,0.0605425161116,0.0674247664562,0.674442227169 
289,0.484832928458,0.0161261271642,0.0431447889162,0.223749894803,0.232146260659 
290,0.462428187339,0.0168042364974,0.0435307716009,0.267511611353,0.20972519321 
291,0.323540466714,0.0177743129942,0.0563274121947,0.101957160208,0.50040064789 
292,0.466702653695,0.0156764666351,0.0458932988169,0.143391453011,0.328336127841 
293,0.29400943603,0.0171141545502,0.0560824202342,0.0864969864271,0.546297002759 
294,0.300927756945,0.0190228181759,0.0597347993351,0.135803825443,0.484510800101 
295,0.473729098025,0.0165550257372,0.0426365326773,0.262949271826,0.204130071734 
296,0.208277421778,0.0201818040331,0.0662609740444,0.115033034713,0.590246765431 
297,0.464762236394,0.0167250837741,0.0433676415932,0.265372619615,0.209772418624 
298,0.221472667569,0.0206943795363,0.0666983960426,0.129455530953,0.561679025899 
299,0.459437053016,0.0166738104141,0.0446770973123,0.243820033089,0.23539200617 
300,0.477224093006,0.0159252228634,0.0454493570551,0.158939993448,0.302461333627 
301,0.483306913818,0.0162282775314,0.0419666837931,0.254197242609,0.204300882248 
302,0.447723457198,0.0163200833421,0.0476463420758,0.156914946612,0.331395170772 
303,0.459356063341,0.0163295312246,0.0469163912283,0.163810008323,0.313588005883 
304,0.462455869125,0.0167705621054,0.0445202884658,0.246243878624,0.230009401679 
305,0.221426711537,0.0207962981608,0.0668723170498,0.124788844395,0.566115828857 
306,0.448331363298,0.0171969582405,0.0444375960214,0.279532619007,0.210501463433 
307,0.480527733211,0.0157755629003,0.0450881641133,0.156698047033,0.301910492743 
308,0.444053145414,0.0164904106166,0.0480640898807,0.159422169497,0.331970184591 
309,0.465840867389,0.016647679805,0.0442587452991,0.243216328308,0.230036379198 
310,0.336521759244,0.0183679660484,0.0568750271034,0.134233576938,0.454001670666 
311,0.473210697106,0.01610778191,0.0458878127145,0.161707412055,0.303086296215 
312,0.29400943603,0.0171141545502,0.0560824202342,0.0864969864271,0.546297002759 
313,0.165750609178,0.0164519673208,0.0588906130055,0.0587812326171,0.700125577879 
314,0.458317556809,0.0169249654368,0.0452715526632,0.240597762473,0.238888162618 
315,0.1662324908,0.0178211286604,0.0627590443972,0.0817489581563,0.671438377986 
316,0.481599470704,0.0162936565824,0.0430102047305,0.236977434591,0.222119233392 
317,0.46252122262,0.0166740843933,0.0448370374047,0.235827401181,0.2401402544 
318,0.357962053599,0.019612525169,0.0575327585396,0.171108634113,0.393784028579 
319,0.160339374956,0.016101146388,0.0581526342643,0.0552188339575,0.710188010434 
320,0.47168117781,0.0165413477542,0.0428446459922,0.261237932903,0.207694895541 
321,0.458740371031,0.0165755761383,0.0470801216635,0.174367052689,0.303236878478 
322,0.084170855653,0.0139151028469,0.0547015485512,0.0336416788344,0.813570814115 
323,0.084170855653,0.0139151028469,0.0547015485512,0.0336416788344,0.813570814115 
324,0.445208778415,0.0164133930913,0.0477559994839,0.16475173471,0.3258700943 
325,0.466702653695,0.0156764666351,0.0458932988169,0.143391453011,0.328336127841 
326,0.466702653695,0.0156764666351,0.0458932988169,0.143391453011,0.328336127841 
327,0.465265953101,0.0165509833128,0.0438055425752,0.250642491681,0.22373502933 
328,0.455226854378,0.0168416523957,0.0440551515478,0.267856100256,0.216020241423 
329,0.493309166329,0.0159560810674,0.0416900825638,0.238386978103,0.210657691936 
330,0.330048458011,0.0198017607942,0.0586462539581,0.203088359605,0.388415167632 
331,0.444389545752,0.0174890914546,0.0463687212416,0.254714317949,0.237038323602 
332,0.159999841411,0.0161246075069,0.0582243871726,0.055335376846,0.710315787064 
333,0.460211333459,0.0164648731126,0.0468743542812,0.172401249047,0.3040481901 
334,0.363302526494,0.0196988340774,0.0572208438292,0.179481352432,0.380296443167 
335,0.225305520922,0.0210571603924,0.0671986191403,0.132050245602,0.554388453943 
336,0.457112983456,0.0163852322742,0.0471067566466,0.164525609852,0.314869417771 
337,0.176092414143,0.0177481849049,0.0617319945172,0.0699930712091,0.674434335226 
338,0.482325813002,0.0161115475817,0.0424836669517,0.24146703255,0.217611939914 
339,0.228738905026,0.0210082539161,0.0669327033391,0.131550395837,0.551769741883 
340,0.469629836278,0.0165773147437,0.04395703109,0.242220958707,0.227614859182 
341,0.28133237307,0.017624100606,0.0577150583728,0.0930522134354,0.550276254516 
342,0.480527733211,0.0157755629003,0.0450881641133,0.156698047033,0.301910492743 
343,0.235752014918,0.021217890386,0.0669731170024,0.133712596521,0.542344381173 
344,0.492508419354,0.0159846156925,0.0417497060183,0.239102848074,0.210654410861 
345,0.47920644807,0.0158353488245,0.0452326456144,0.1575907377,0.302134819791 
346,0.460923699628,0.0167035506234,0.0441280315583,0.254566897662,0.223677820528 
347,0.479954339966,0.0164289974648,0.0426734948463,0.25040024398,0.210542923743 
348,0.315591700615,0.018822943823,0.0586599667441,0.13887635232,0.468049036498 
349,0.433023758382,0.017567132182,0.0456169413056,0.287431692091,0.21636047604 
350,0.457538593148,0.0167633948083,0.0438918893555,0.265740616687,0.216065506001 
351,0.455782031154,0.0167342958273,0.0449652972946,0.244577765909,0.237940609815 
352,0.0862861512935,0.0142717591597,0.055684563068,0.0358513081298,0.807906218349 
353,0.475261466243,0.0165573393654,0.0430339147506,0.253197107934,0.211950171708 
354,0.466852449344,0.0156696425962,0.0458761516434,0.14330055332,0.328301203097 
355,0.474058777691,0.0164602450667,0.0426775394942,0.259065233564,0.207738204185 
356,0.181697638242,0.017313099179,0.0604726458609,0.0673930691287,0.673123547589 
357,0.380301715706,0.0190163528049,0.0554930759722,0.163898612987,0.38129024253 
358,0.378361062048,0.0190538277133,0.0556496419998,0.164295229448,0.382640238791 
359,0.295512693366,0.0182995893447,0.0586507125105,0.12309121563,0.504445789149 
360,0.387345487669,0.019067642457,0.055053111944,0.171574523568,0.366959234363 
361,0.467002132469,0.0156628259773,0.0458590192083,0.143209803288,0.328266219057 
362,0.376479519508,0.0194682555604,0.0551374047854,0.21535661526,0.333558204886 
363,0.458496177801,0.0170400313904,0.045255136506,0.244556861414,0.234651792888 
364,0.448486378773,0.0165041661918,0.0475427759659,0.172792774646,0.314673904423 
365,0.465324299475,0.0157393651237,0.0460511646008,0.144231680346,0.328653490455 
366,0.144833190639,0.0170627207919,0.0611847122044,0.0603434613406,0.716575915024 
367,0.359587728128,0.0187185495497,0.0561974445088,0.153767263529,0.411729014284 
368,0.209072996485,0.0211052805626,0.0680699448914,0.123594702695,0.578157075366 
369,0.179887206416,0.0174493451574,0.0608691553163,0.0681964456049,0.673597847505 
370,0.339786122791,0.0192155398701,0.0579749359681,0.159549721566,0.423473679805 
371,0.48404161907,0.0161612694544,0.0428258180323,0.233295884219,0.223675409225 
372,0.349515034069,0.0197288262247,0.0579933796279,0.180244889585,0.392517870493 
373,0.466852449344,0.0156696425962,0.0458761516434,0.14330055332,0.328301203097 
374,0.461193925273,0.0169933186266,0.0440808711332,0.263772741914,0.213959143053 
375,0.0841632501897,0.0139160519923,0.0547045741999,0.0336452833112,0.813570840307 
376,0.470448233243,0.0166665336773,0.0443048982313,0.236358193603,0.232222141246 
377,0.46942110607,0.0165839600037,0.043028182784,0.261845304786,0.209121446356 
378,0.489672923828,0.0159911767458,0.0427558945196,0.221103080396,0.230476924511 
379,0.475134090926,0.0163941924529,0.0439226235942,0.229041255857,0.23550783717 
380,0.295380894797,0.01830746911,0.0586716497682,0.123173538662,0.504466447663 
381,0.321742558652,0.0177862925497,0.0564274340496,0.101998290116,0.502045424633 
382,0.152535983311,0.0157338548775,0.0575860700471,0.0538362246253,0.720307867139 
383,0.161903397427,0.0170196204777,0.060525664229,0.0637520935092,0.696799224357 
384,0.164367595495,0.0165525273371,0.0591928369112,0.0593134417868,0.70057359847 
385,0.458466806995,0.0170172126719,0.0452588219271,0.243765491231,0.235491667175 
386,0.467928235878,0.016618706416,0.0435488743929,0.254443182248,0.217461001065 
387,0.175874821999,0.0169514346024,0.0597646298311,0.063247231964,0.684161881603 
388,0.481946690688,0.0160942230624,0.0420592473078,0.250258935431,0.209640903511 
389,0.466702653695,0.0156764666351,0.0458932988169,0.143391453011,0.328336127841 
390,0.480850156633,0.0157609884843,0.0450529035843,0.156481021976,0.301854929322 
391,0.318624004551,0.0209628578362,0.0607353209722,0.222368706024,0.377309110617 
392,0.0780134619042,0.0139363452605,0.0550868531224,0.0339349946949,0.819028345018 
393,0.466852449344,0.0156696425962,0.0458761516434,0.14330055332,0.328301203097 
394,0.223660706297,0.0210767110622,0.0673189354446,0.132252095457,0.555691551739 
395,0.473819227017,0.0163369990615,0.0426595684581,0.256175757384,0.211008448079 
396,0.435158887447,0.0174961968958,0.0454693075582,0.285475802241,0.216399805858 
397,0.378813341192,0.019537786137,0.0547743721771,0.225615229587,0.321259270907 
398,0.308782914289,0.0176967704613,0.0568917590785,0.112977919294,0.503650636878 
399,0.468673308733,0.0165624769487,0.0444388964409,0.232276459364,0.238048858513 
400,0.462894220188,0.0166135155014,0.0439885283344,0.251991462776,0.2245122732 
401,0.302143073162,0.0172955258857,0.0561825004172,0.0910281818863,0.533350718649 
402,0.486355254776,0.016123599452,0.0417512237628,0.251423962742,0.204345959267 
403,0.465432803311,0.0166589598493,0.0446989022524,0.234306232786,0.238903101801 
404,0.175808894267,0.0169561939759,0.0597787219482,0.0632736078815,0.684182581928 
405,0.294378100131,0.0178872537483,0.0577524587298,0.0985966881959,0.531385499195 
406,0.480897500258,0.0163107796975,0.0421361899845,0.256393716947,0.204261813113 
407,0.456436659007,0.0164162279391,0.0471813362701,0.165004760096,0.314961016688 
408,0.451454807471,0.0173002399049,0.0458076554902,0.250856293419,0.234581003715 
409,0.485861235554,0.0160945290968,0.0426836420362,0.231689833426,0.223670759887 
410,0.0869791141384,0.0142673591113,0.0556366550169,0.0358117362281,0.807305135505 
411,0.34463441764,0.0199508525632,0.0578098680554,0.213477280842,0.3641275809 
412,0.460211333459,0.0164648731126,0.0468743542812,0.172401249047,0.3040481901 
413,0.457550654662,0.0167443396844,0.0439024817593,0.264954871545,0.216847652349 
414,0.480850156633,0.0157609884843,0.0450529035843,0.156481021976,0.301854929322 
415,0.455430109615,0.0170902690482,0.0450419097935,0.254972916451,0.227464795092 
416,0.466852449344,0.0156696425962,0.0458761516434,0.14330055332,0.328301203097 
417,0.460089486991,0.0168562385048,0.0447022990474,0.248365736164,0.229986239293 
418,0.464762236394,0.0167250837741,0.0433676415932,0.265372619615,0.209772418624 
419,0.447396632647,0.0163352160112,0.0476835381169,0.157136516657,0.331448096568 
420,0.347387144748,0.0194235221239,0.0579209755919,0.161705344024,0.413563013512 
421,0.471622536438,0.0164823683659,0.0438052112753,0.239655104777,0.228434779143 
422,0.160375659061,0.0160986513937,0.0581449978447,0.0552064641639,0.710174227537 
423,0.160371390526,0.0160989447879,0.0581458958936,0.0552079185254,0.710175850267 
424,0.483973068611,0.0158260006143,0.044815487878,0.163677578033,0.291707864864 
425,0.347848621304,0.0194714821396,0.0579689623209,0.162432759906,0.412278174329 
426,0.210269465947,0.0201313862505,0.0660614769156,0.114552913086,0.588984757802 
427,0.315980824981,0.0175820227512,0.0562329152822,0.0967020480639,0.513502188921 
428,0.159604401442,0.0161521912739,0.0583086246737,0.0554729153525,0.710461867258 
429,0.346123451295,0.0198791398021,0.0576416679054,0.212218974484,0.364136766513 
430,0.175843080284,0.016953725299,0.0597714127726,0.0632599250043,0.68417185664 
431,0.348206021375,0.0193780224861,0.0578097039018,0.1611039029,0.413502349337 
432,0.458317556809,0.0169249654368,0.0452715526632,0.240597762473,0.238888162618 
433,0.467109888461,0.0166452856007,0.0432030011056,0.263223459983,0.20981836485 
434,0.459590410746,0.0167844156676,0.0446534249064,0.24779116262,0.231180586059 
435,0.152901163466,0.016466011493,0.0594702454605,0.0589726840272,0.712189895553 
436,0.159604401442,0.0161521912739,0.0583086246737,0.0554729153525,0.710461867258 
437,0.470775155923,0.0157552993589,0.0456935454409,0.150117015303,0.317658983974 
438,0.481627840317,0.0162496321751,0.043013729653,0.235431749864,0.223677047991 
439,0.147110825733,0.016153829129,0.0588401306269,0.0555856129265,0.722309601584 
440,0.46625259251,0.0156969832178,0.0459448285739,0.143665050429,0.328440545269 
441,0.30430645422,0.0188198286353,0.0592094050805,0.133529359853,0.484134952211 
442,0.477986624247,0.0163113705369,0.043693526711,0.227347444738,0.234661033767 
443,0.343442109969,0.0190878824056,0.057589951725,0.157951993542,0.421928062358 
444,0.4506523826,0.0169776195237,0.0443895313434,0.271269054718,0.216711411815 
445,0.474424867491,0.0164470109761,0.0435802639413,0.239515662563,0.226032195029 
446,0.485724710832,0.0161452793611,0.0417958847117,0.251997070849,0.204337054247 
447,0.457851529659,0.0160835334882,0.0469093215969,0.148903949443,0.330251665813 
448,0.311106691422,0.0176524309878,0.0567049344101,0.112601448533,0.501934494647 
449,0.330153084236,0.0181719593983,0.0568411938228,0.127008476531,0.467825286013 
450,0.346449213415,0.0198634452122,0.0576048396438,0.211943965853,0.364138535876 
451,0.161919930609,0.0170182551675,0.0605216562505,0.0637442281816,0.696795929791 
452,0.443746811732,0.0170079127284,0.048731402314,0.168620850107,0.321893023119 
453,0.467109888461,0.0166452856007,0.0432030011056,0.263223459983,0.20981836485 
454,0.178409422178,0.0174590184163,0.0609554242603,0.0682650092405,0.674911125905 
455,0.483306913818,0.0162282775314,0.0419666837931,0.254197242609,0.204300882248 
456,0.46484418072,0.0167064592367,0.0443328212395,0.244908176885,0.229208361919 
457,0.343598378084,0.0190792403623,0.0575685405416,0.157838468698,0.421915372314 
458,0.363148193908,0.01935534117,0.0562453530665,0.196439213011,0.364811898844 
459,0.442455245136,0.0162777527865,0.0479655131807,0.150327126619,0.342974362278 
460,0.0869663874508,0.0142689859026,0.0556417832322,0.0358182049923,0.807304638422 
461,0.459787854223,0.0166206020835,0.0450375091956,0.233175797119,0.24537823738 
462,0.460070059229,0.0169010797628,0.0436810653716,0.270414914104,0.208932881532 
463,0.181720872639,0.0173113773703,0.0604676215659,0.0673829828899,0.673117145535 
464,0.355572622523,0.0201144234661,0.0567693680211,0.234825505012,0.332718080978 
465,0.457538593148,0.0167633948083,0.0438918893555,0.265740616687,0.216065506001 
466,0.462225702065,0.0165557425746,0.0448429063786,0.231885452553,0.244490196428 
467,0.239611638627,0.0208278173678,0.0660478106361,0.129745081449,0.54376765192 
468,0.452082109811,0.0163525678467,0.0475738183103,0.152641529355,0.331349974678 
469,0.46348038196,0.0158238032049,0.0462625789244,0.145366362095,0.329066873816 
470,0.348205170898,0.0195466512952,0.0579374821492,0.170751300425,0.403559395233 
471,0.160063927858,0.0161201634973,0.0582108032335,0.0553132700298,0.710291835382 
472,0.202882121135,0.0219428891712,0.07002816165,0.136253069166,0.568893758877 
473,0.371164048399,0.0188639329989,0.0557350665617,0.16216180948,0.392075142561 
474,0.481627840317,0.0162496321751,0.043013729653,0.235431749864,0.223677047991 
475,0.485724710832,0.0161452793611,0.0417958847117,0.251997070849,0.204337054247 
476,0.470306528188,0.0157766231762,0.0457461944822,0.150418439098,0.317752215055 
477,0.158823009802,0.0162075200163,0.0584771995709,0.0557504361772,0.710741834434 
478,0.464717907668,0.0167438229403,0.0433576567223,0.266151075662,0.209029537007 
479,0.159999841411,0.0161246075069,0.0582243871726,0.055335376846,0.710315787064 
480,0.471553953901,0.0157198999382,0.0456060653792,0.149617714622,0.317502366159 
481,0.353604614554,0.0202029241484,0.05697156129,0.236521128428,0.33269977158 
482,0.367771876473,0.0198025026576,0.0557129484838,0.229755704089,0.326956968297 
483,0.454336812701,0.0171568381095,0.044619293012,0.266995910307,0.216891145871 
484,0.223660706297,0.0210767110622,0.0673189354446,0.132252095457,0.555691551739 
485,0.357839881318,0.0189790336331,0.0567836919351,0.150472558214,0.415924834899 
486,0.365486297347,0.0198792526131,0.0562137525122,0.222526860688,0.33589383684 
487,0.477690827084,0.0163774236262,0.0428990182895,0.24730759408,0.21572513692 
488,0.490411745341,0.0160172734191,0.0414416065645,0.24913208009,0.202997294585 
489,0.317854208647,0.0178758596154,0.0568497879728,0.119196861078,0.488223282687 
490,0.161962442644,0.0170147464193,0.0605113551324,0.063724019215,0.696787436589 
