ID,Adoption,Died,Euthanasia,Return_to_owner,Transfer
1,0.913228563136,0.0105229779372,0.031356947649,0.0420447243184,0.00284678695951 
2,0.938103516882,0.00820862950233,0.023437814331,0.028595894513,0.00165414477139 
3,0.926763936402,0.00946143921109,0.0274759539399,0.0339156201975,0.00238305024994 
4,0.890117297521,0.0123115107093,0.0378984315465,0.0556590572483,0.00401370297494 
5,0.919470532553,0.00981034360848,0.0290835287726,0.0392134585912,0.00242213647429 
6,0.922070720711,0.00960963874771,0.0283313444444,0.0376876222306,0.00230067386609 
7,0.934104643199,0.00872798952176,0.0249817809873,0.0302806975016,0.00190488879036 
8,0.933930317729,0.00881837433492,0.0252694321795,0.0299186527465,0.00206322301045 
9,0.938093728783,0.00821323807087,0.0234506461115,0.0285811064548,0.00166128057954 
10,0.930520727928,0.00891470467362,0.025873120711,0.0327022560566,0.00198919063126 
11,0.93501697009,0.00851700323145,0.02444564496,0.0302356583071,0.00178472341125 
12,0.908775014767,0.0108901937105,0.0327030066772,0.0445483329168,0.00308345192811 
13,0.921168162595,0.00970413612024,0.0287579307787,0.0379239969312,0.00244577357524 
14,0.901934313289,0.011582905988,0.0349883712998,0.0477468431641,0.00374756625938 
15,0.931590822631,0.00877099049981,0.025396982741,0.0323489795101,0.00189222461818 
16,0.931583775947,0.00877707744151,0.0254952044541,0.0321937673138,0.00195017484402 
17,0.928433471423,0.00906503200793,0.0263609893452,0.034144600303,0.00199590692101 
18,0.930922171258,0.00882376487304,0.0255924843948,0.0327493528184,0.0019122266555 
19,0.934056315935,0.00879359649044,0.0252023717644,0.0299099323149,0.00203778349525 
20,0.88753796718,0.0142728745033,0.0420984005745,0.0493205456048,0.00677021213775 
21,0.939754371808,0.00823784119565,0.0232775639245,0.0269962633374,0.00173395973396 
22,0.902445168608,0.0127769409635,0.0370968510942,0.042526327791,0.0051547115429 
23,0.927698105589,0.00913948507809,0.0266183497828,0.0344930805785,0.00205097897194 
24,0.886084502891,0.0145269570254,0.0427457218621,0.0494602764417,0.00718254177957 
25,0.930228845758,0.0088925803613,0.025917424089,0.0329505153543,0.00201063443767 
26,0.90875229354,0.0116663941217,0.034212029619,0.0412139675294,0.00415531519019 
27,0.933912875125,0.00882177400189,0.025278625977,0.0299200222741,0.00206670262168 
28,0.841118090626,0.016911084688,0.0534806732009,0.079169830988,0.00932032049704 
29,0.928437143365,0.00907024271933,0.0263744697329,0.0341116632116,0.00200648097111 
30,0.920382648276,0.00973509451298,0.0288075681244,0.0386967778539,0.00237791123262 
31,0.924709011685,0.00963648381774,0.0280872982321,0.0351187968031,0.00244840946182 
32,0.938093311758,0.00821341778931,0.0234511464808,0.0285805704689,0.00166155350322 
33,0.908939514781,0.0116322438121,0.0341234626721,0.0411929343509,0.00411184438365 
34,0.933681544997,0.00882283499502,0.0252364449661,0.0302502884876,0.00200888655379 
35,0.914371280919,0.0108595366143,0.0319485896166,0.0394839389789,0.00333665387167 
36,0.920284864427,0.00976585681349,0.02889409667,0.038653326117,0.00240185597205 
37,0.909122505686,0.0115987471746,0.0340365551446,0.0411727731732,0.00406941882123 
38,0.92843491503,0.00907855404186,0.0263961888893,0.0340681508653,0.00202219117326 
39,0.930260398449,0.00888106277778,0.0258852124035,0.032980922487,0.00199240388311 
40,0.88826255277,0.0127381105994,0.0391610028919,0.0550576307217,0.00478070301723 
41,0.905348023091,0.0111589182672,0.0336993055479,0.0465123299545,0.00328142313954 
42,0.867427098367,0.0161926486753,0.0483930879166,0.0588579495459,0.00912921549536 
43,0.944258203543,0.00779823411743,0.0217630748358,0.0246635712069,0.0015169162972 
44,0.869725646067,0.0159643640405,0.0476412240201,0.0578736347555,0.00879513111649 
45,0.908939514781,0.0116322438121,0.0341234626721,0.0411929343509,0.00411184438365 
46,0.917990894388,0.0101947577911,0.0302080706565,0.038717899481,0.00288837768377 
47,0.939633562347,0.0082566284582,0.0233402509484,0.0270270668204,0.00174249142552 
48,0.920292776736,0.00976137398729,0.028882023251,0.0386700971989,0.00239372882711 
49,0.935036744753,0.00850634823614,0.0244165983979,0.0302723387923,0.00176796982038 
50,0.884639091314,0.0126507377286,0.0394243453183,0.0588788912079,0.00440693443122 
51,0.914070303,0.0108296398644,0.0318193427983,0.040088339347,0.00319237498997 
52,0.935631651937,0.00844198654231,0.0241968153333,0.0300079737304,0.0017215724574 
53,0.926716877929,0.00947089740402,0.0275014433689,0.0339168725069,0.00239390879095 
54,0.924631512422,0.00987513615758,0.0285628175107,0.0342963538682,0.00263418004176 
55,0.914020921723,0.011483884859,0.0330079879904,0.0375865382069,0.00390066722071 
56,0.939831861421,0.00821507116423,0.0232276887485,0.0270233991044,0.00170197956198 
57,0.922059591098,0.00961772362628,0.0283529768327,0.0376541660924,0.00231554235049 
58,0.886084502891,0.0145269570254,0.0427457218621,0.0494602764417,0.00718254177957 
59,0.886826575624,0.01439768415,0.0424165905224,0.0493882887208,0.00697086098328 
60,0.924258662673,0.00938028852611,0.0276301204797,0.0365048633991,0.00222606492229 
61,0.918449378077,0.0101169545678,0.0298833004623,0.0388108679188,0.00273949897438 
62,0.926177460364,0.00926037671886,0.0270645380465,0.0353948594756,0.00210276539478 
63,0.933886519761,0.0087858319731,0.0251253416134,0.0302195730152,0.00198273363688 
64,0.867446805358,0.0161893481431,0.0483846310569,0.0588563719194,0.00912284352297 
65,0.867525449085,0.0161761707116,0.0483508643415,0.0588500840589,0.00909743180258 
66,0.935611554847,0.00846207090331,0.0242513341478,0.0299195927079,0.00175544739424 
67,0.933916377275,0.00882109196542,0.0252767816681,0.0299197443575,0.00206600473402 
68,0.918481812249,0.0100176561974,0.029599698919,0.0394367626315,0.00246407000261 
69,0.921188972444,0.00968681658805,0.0286093060689,0.0381646745954,0.00235023030356 
70,0.886463516097,0.0144610452052,0.0425779645899,0.0494233560437,0.00707411806375 
71,0.903620374509,0.0117309050741,0.0350975899582,0.0456208389475,0.00393029151121 
72,0.930510948429,0.00891816414561,0.0258826577703,0.0326938177357,0.00199441191944 
73,0.905911623181,0.0124290325929,0.0359539624436,0.0408955351036,0.00480984667909 
74,0.912491520682,0.0103768794512,0.0311758491329,0.0431828573423,0.00277289339131 
75,0.901726113598,0.0128857483398,0.0374217630912,0.04269151696,0.00527485801091 
76,0.914371280919,0.0108595366143,0.0319485896166,0.0394839389789,0.00333665387167 
77,0.933912875125,0.00882177400189,0.025278625977,0.0299200222741,0.00206670262168 
78,0.920132329329,0.0104772926774,0.0302912366977,0.0359599959421,0.00313914535362 
79,0.925006997456,0.00933147381307,0.0275324409885,0.0358763650962,0.00225272264649 
80,0.936441017745,0.00852479942903,0.0243043125517,0.0288535402982,0.00187632997605 
81,0.867427098367,0.0161926486753,0.0483930879166,0.0588579495459,0.00912921549536 
82,0.903142601546,0.012732632689,0.0369275676216,0.0420805516012,0.0051166465427 
83,0.92118192164,0.00969111961194,0.0286208643847,0.038148048698,0.0023580456653 
84,0.901603072528,0.0127341325153,0.0370429525273,0.0436999438244,0.0049198986049 
85,0.918554939104,0.00987009227349,0.0293202045623,0.039819683212,0.00243508084837 
86,0.887072211626,0.0142501001426,0.0419796153097,0.0501442778506,0.00655379507114 
87,0.909935893185,0.0107931040719,0.0323488694921,0.0439048932854,0.00301723996528 
88,0.921178876123,0.00970105213265,0.0287493588109,0.0379297553168,0.00244095761686 
89,0.886463516097,0.0144610452052,0.0425779645899,0.0494233560437,0.00707411806375 
90,0.933916377275,0.00882109196542,0.0252767816681,0.0299197443575,0.00206600473402 
91,0.888867717149,0.0139267165391,0.041155842013,0.0499914385491,0.00605828575011 
92,0.888769284105,0.0139689530763,0.0412114226865,0.0498889702257,0.00616136990623 
93,0.934548002916,0.00875960776638,0.02506364042,0.0295986003056,0.00203014859243 
94,0.920387272253,0.00973100297944,0.0287967287631,0.0387147999258,0.00237019607853 
95,0.919346023543,0.0106689209949,0.0308671045902,0.0357059735153,0.00341197735652 
96,0.918538222028,0.00988696231806,0.029364987285,0.0397421014055,0.00246772696364 
97,0.9284954309,0.00907012486949,0.0264569509234,0.0339130482638,0.00206444504351 
98,0.867446805358,0.0161893481431,0.0483846310569,0.0588563719194,0.00912284352297 
99,0.914371280919,0.0108595366143,0.0319485896166,0.0394839389789,0.00333665387167 
100,0.926225220249,0.00926538586719,0.0271661518505,0.0351699568538,0.00217328517919 
101,0.933853749333,0.00879282314672,0.0251439994151,0.0302192364135,0.00199019169185 
102,0.939718204814,0.00824526523458,0.0232975229785,0.0269979333248,0.00174107364861 
103,0.923443022594,0.00944198132651,0.0278634451772,0.0369990050533,0.00225254584911 
104,0.920284864427,0.00976585681349,0.02889409667,0.038653326117,0.00240185597205 
105,0.933956733421,0.00881321236583,0.0252554692368,0.0299166499302,0.00205793504638 
106,0.920376645415,0.00973936495351,0.028818914154,0.0386792754399,0.0023858000379 
107,0.923447646404,0.00943833243177,0.0278535750032,0.0370148302471,0.00224561591352 
108,0.909969481034,0.0107837258556,0.032323505052,0.0439203486097,0.00300293944826 
109,0.93662280191,0.00852423520773,0.0243493916499,0.0285760285437,0.00192754268886 
110,0.934686733934,0.00873223591674,0.02498961706,0.0295891427497,0.00200227033998 
111,0.930549306011,0.00890320227593,0.0258414351429,0.0327347921446,0.00197126442579 
112,0.920284864427,0.00976585681349,0.02889409667,0.038653326117,0.00240185597205 
113,0.921753490588,0.00956133573464,0.0283241389796,0.0380695294682,0.00229150522938 
114,0.919475975133,0.00980607578014,0.0290721855872,0.0392316516902,0.00241411180994 
115,0.90189188659,0.0128554391178,0.0373451186351,0.0426739584465,0.00523359721061 
116,0.915600192589,0.0101324404384,0.0302628067342,0.041378271897,0.00262628834119 
117,0.926971073127,0.00920898928218,0.0269522170486,0.0347163266618,0.00215139388091 
118,0.899861940184,0.0114801427121,0.0350255300679,0.0502083651031,0.00342402193306 
119,0.924203757295,0.00936342043748,0.0275861954352,0.0366884,0.0021582268321 
120,0.910170278316,0.0115078492235,0.0337071294388,0.0406149361819,0.00399980683944 
121,0.933912875125,0.00882177400189,0.025278625977,0.0299200222741,0.00206670262168 
122,0.926716877929,0.00947089740402,0.0275014433689,0.0339168725069,0.00239390879095 
123,0.927503711283,0.00939694343563,0.0272431136831,0.0335087505016,0.00234748109628 
124,0.886084502891,0.0145269570254,0.0427457218621,0.0494602764417,0.00718254177957 
125,0.863331399998,0.0150036763963,0.0468983433168,0.0677183694955,0.00704821079353 
126,0.92881896158,0.00901191489282,0.0262667885996,0.0338799145904,0.00202242033677 
127,0.909654253653,0.0115006919944,0.0337819483607,0.0411167013626,0.00394640462983 
128,0.93953227066,0.00827714526898,0.0233956584341,0.0270327883301,0.00176213730705 
129,0.926716877929,0.00947089740402,0.0275014433689,0.0339168725069,0.00239390879095 
130,0.927503711283,0.00939694343563,0.0272431136831,0.0335087505016,0.00234748109628 
131,0.918538222028,0.00988696231806,0.029364987285,0.0397421014055,0.00246772696364 
132,0.926716877929,0.00947089740402,0.0275014433689,0.0339168725069,0.00239390879095 
133,0.908590850888,0.0116957485531,0.0342881290307,0.0412324122373,0.00419285929056 
134,0.930928148635,0.00882916955432,0.025689906658,0.0325807858512,0.00197198930195 
135,0.934282583098,0.00874790193537,0.0250784402405,0.0299006968077,0.00199037791843 
136,0.932539754096,0.00873367831926,0.025225397962,0.0316113568405,0.00188981278223 
137,0.933830975496,0.00879102832632,0.0251511246476,0.0302520645821,0.00197480694756 
138,0.90242716464,0.0127802456436,0.0371051974801,0.0425282280328,0.00515916420361 
139,0.933513875528,0.00860238569815,0.0248682070209,0.0311836066541,0.00183192509848 
140,0.922065819052,0.00961359442681,0.028341915602,0.0376706452267,0.00230802569245 
141,0.92292217758,0.00955479638442,0.0282124427803,0.036957452618,0.00235313063698 
142,0.923767026584,0.00996101026528,0.0288552107299,0.0347251503014,0.00269160211898 
143,0.921264047256,0.00967334727428,0.0286724497631,0.0379939778649,0.00239617784213 
144,0.929250465234,0.00898980626163,0.0261818698307,0.0335770302025,0.0020008284709 
145,0.929107122984,0.00903854444103,0.0263198349948,0.0334779738218,0.00205652375816 
146,0.92914878571,0.0090223470629,0.0262750963738,0.0335226705892,0.00203110026437 
147,0.927018766245,0.00940884150873,0.0273341207116,0.0339161191197,0.00232215241486 
148,0.9284255513,0.00906038308635,0.0263490898594,0.034179169779,0.00198580597507 
149,0.886463516097,0.0144610452052,0.0425779645899,0.0494233560437,0.00707411806375 
150,0.914431015828,0.0107748529067,0.0316473700469,0.0399960849759,0.00315067624227 
151,0.928050752818,0.00974672678708,0.027833672556,0.0316670494858,0.00270179835325 
152,0.889428176601,0.0139633406476,0.0411172836311,0.0493091442254,0.00618205489512 
153,0.929193650885,0.0090178837093,0.0262584347893,0.0334833818783,0.00204664873846 
154,0.902848302453,0.0113241337833,0.0342221616767,0.0483441596296,0.00326124245784 
155,0.903434678742,0.0115661031552,0.0348957045435,0.0461987233241,0.0039047902357 
156,0.937556175967,0.00826147934488,0.0236234144316,0.028874258369,0.00168467188729 
157,0.928433471423,0.00906503200793,0.0263609893452,0.034144600303,0.00199590692101 
158,0.88610946682,0.0145226229187,0.0427346943396,0.0494578354851,0.0071753804369 
159,0.934056315935,0.00879359649044,0.0252023717644,0.0299099323149,0.00203778349525 
160,0.910290331714,0.0105523328746,0.0318289784804,0.0444402911303,0.00288806580034 
161,0.935886101984,0.00840717327592,0.0241499565545,0.0298045895753,0.00175217860979 
162,0.925013170809,0.00933155447252,0.027435002904,0.0360254253343,0.00219484648033 
163,0.866198635783,0.0150910911387,0.0467497579888,0.0646989230234,0.00726159206629 
164,0.933912875125,0.00882177400189,0.025278625977,0.0299200222741,0.00206670262168 
165,0.928098917788,0.00906509383318,0.0264684681382,0.0343284096798,0.00203911056031 
166,0.939526148065,0.00827837345212,0.0233989721124,0.0270331987059,0.0017633076644 
167,0.924200843982,0.00939962367793,0.0276843525695,0.0364815404299,0.0022336393406 
168,0.930531286585,0.00891074798884,0.0258622165766,0.0327126196928,0.00198312915698 
169,0.915117828903,0.01012572116,0.0303899811192,0.0416881247903,0.00267834402748 
170,0.912464199591,0.0103879355395,0.0312059280142,0.0431488429531,0.00279309390181 
171,0.90412998598,0.0123735572189,0.0360248390059,0.0429656083276,0.00450600946776 
172,0.933809614298,0.00862087874948,0.024821112093,0.0309164959125,0.00183189894699 
173,0.921234321546,0.00968386773433,0.0287016302444,0.0379666369278,0.00241354354765 
174,0.921249747391,0.00967856919537,0.028686929202,0.0379798933873,0.00240486082454 
175,0.917585219367,0.00996497593231,0.0296520596674,0.0402830122851,0.00251473274818 
176,0.92379829817,0.00989729100247,0.0286187486279,0.0351274116327,0.00255825056731 
177,0.926155431499,0.00924510122107,0.027025112573,0.0355048084532,0.00206954625398 
178,0.939485846657,0.00825416682043,0.0232837604336,0.0272734440153,0.00170278207405 
179,0.915251719622,0.0105111216216,0.0311569061283,0.0400344949053,0.00304575772243 
180,0.903672672736,0.0117206577842,0.0350705242105,0.0456193770996,0.00391676817009 
181,0.867427098367,0.0161926486753,0.0483930879166,0.0588579495459,0.00912921549536 
182,0.914371280919,0.0108595366143,0.0319485896166,0.0394839389789,0.00333665387167 
183,0.92617301982,0.0092700131148,0.0270898945048,0.0353459862744,0.00212108628622 
184,0.90736078046,0.0109338084964,0.0330616079234,0.0454499706824,0.00319383243772 
185,0.930540749985,0.00890694111911,0.0258517296744,0.0327233820986,0.00197719712318 
186,0.934112988667,0.0085594079588,0.0247035046961,0.030800935525,0.00182316315289 
187,0.914569893769,0.0114703387816,0.0328870866527,0.0371522980547,0.00392038274188 
188,0.928485372992,0.00907419645144,0.0264680922599,0.0339014573225,0.00207088097418 
189,0.932173161065,0.00873980270235,0.0253456336143,0.0318099402181,0.00193146239991 
190,0.930218232781,0.00889603977378,0.0259271024754,0.0329426818884,0.00201594308165 
191,0.922988370858,0.00953278972421,0.0281515302135,0.0370093261261,0.00231798307832 
192,0.929130141915,0.00903017723189,0.0262967148172,0.0334993599165,0.00204360611921 
193,0.894335683968,0.0120531831111,0.0369990442721,0.0526409664047,0.00397112224417 
194,0.903182769957,0.0114871859482,0.0346266192513,0.0470219481899,0.00368147665393 
195,0.933795484823,0.00862702306606,0.0248379256908,0.0308982712921,0.00184129512801 
196,0.926735608377,0.00946714088858,0.0274913203095,0.0339163316169,0.00238959880774 
197,0.938098326048,0.00821117837016,0.0234449113597,0.0285874590991,0.00165812512312 
198,0.92118192164,0.00969111961194,0.0286208643847,0.038148048698,0.0023580456653 
199,0.938111577756,0.00820381049213,0.0234243962702,0.0286138625081,0.00164635297314 
200,0.916601339393,0.0100494413018,0.0299583921395,0.0408183808482,0.00257244631733 
201,0.886092828031,0.0145255117703,0.04274204467,0.0494594622762,0.00718015325254 
202,0.93988905788,0.00820962783249,0.0232016063339,0.0269930623523,0.00170664560156 
203,0.92843607938,0.00907677102444,0.026391511338,0.0340767195888,0.00201891866872 
204,0.917990894388,0.0101947577911,0.0302080706565,0.038717899481,0.00288837768377 
205,0.88858675194,0.0124136371331,0.0383030208098,0.0566220347994,0.00407455531815 
206,0.934007272476,0.00880328922088,0.025228616106,0.0299130693391,0.0020477528582 
207,0.931590822631,0.00877099049981,0.025396982741,0.0323489795101,0.00189222461818 
208,0.918443831447,0.0100393937464,0.0296570374008,0.0393602850615,0.00249945234453 
209,0.910290331714,0.0105523328746,0.0318289784804,0.0444402911303,0.00288806580034 
210,0.931591612534,0.008768470252,0.0253902480048,0.0323622658907,0.00188740331891 
211,0.886208978411,0.0145053361852,0.0426907057198,0.0494481178562,0.00714686182811 
212,0.928419963736,0.00905824186589,0.0263436631448,0.0341972569286,0.00198087432509 
213,0.928437143365,0.00907024271933,0.0263744697329,0.0341116632116,0.00200648097111 
214,0.903524683296,0.0115490498438,0.0348497228909,0.0461954484714,0.00388109549799 
215,0.88610114934,0.0145240670681,0.0427383688293,0.049458648624,0.00717776613862 
216,0.924709011685,0.00963648381774,0.0280872982321,0.0351187968031,0.00244840946182 
217,0.919369202529,0.010611599133,0.0306636375886,0.0360852602835,0.00327030046642 
218,0.933956733421,0.00881321236583,0.0252554692368,0.0299166499302,0.00205793504638 
219,0.912477436689,0.0103827808489,0.0311918923312,0.0431641468389,0.00278374329182 
220,0.935044867507,0.00849418638231,0.0243835810126,0.0303306248819,0.00174674021637 
221,0.922571877785,0.00966902943008,0.0284278184003,0.0369673104682,0.00236396391596 
222,0.867495992202,0.0161811076203,0.0483635154799,0.0588524377598,0.00910694693804 
223,0.914361044378,0.0108614801379,0.0319537468257,0.0394847308898,0.00333899776855 
224,0.930520727928,0.00891470467362,0.025873120711,0.0327022560566,0.00198919063126 
225,0.880513298151,0.0128802160227,0.0402565144026,0.062091626582,0.004258344842 
226,0.933476276458,0.00862051887818,0.0249191902579,0.0311223180805,0.00186169632491 
227,0.886117780471,0.014521179322,0.0427310212006,0.0494570228596,0.00717299614642 
228,0.8890218418,0.0130071847741,0.0396336170518,0.0532322331518,0.00510512322255 
229,0.927699533715,0.00913642024172,0.0266103113675,0.0345085010196,0.00204523365598 
230,0.901775450379,0.0128767336537,0.0373989700274,0.0426862798216,0.00526256611836 
231,0.926716877929,0.00947089740402,0.0275014433689,0.0339168725069,0.00239390879095 
232,0.933165284163,0.00868346917682,0.0250396532424,0.0312409249217,0.00187066849633 
233,0.894387677695,0.0135336014414,0.0398104183993,0.0461157856043,0.00615251685975 
234,0.919929939511,0.00988725969336,0.0292288445284,0.0384712300447,0.00248272622261 
235,0.925822865937,0.00925137451966,0.027154224856,0.0356396675845,0.00213186710287 
236,0.926716877929,0.00947089740402,0.0275014433689,0.0339168725069,0.00239390879095 
237,0.927699856186,0.00913350217109,0.0266026851769,0.034524341016,0.0020396154503 
238,0.893909647117,0.0126967107792,0.0382442496544,0.0504779263773,0.00467146607235 
239,0.935021078307,0.00851512297036,0.0244405140043,0.0302414281785,0.00178185654005 
240,0.908620822524,0.011690305327,0.0342740199096,0.0412289673386,0.0041858849006 
241,0.902816957605,0.01155762482,0.034831722764,0.0470438895333,0.00374980527738 
242,0.935042652195,0.00850110852572,0.0244023490558,0.0302947143889,0.00175917583495 
243,0.908590850888,0.0116957485531,0.0342881290307,0.0412324122373,0.00419285929056 
244,0.940146610139,0.00820550547083,0.0231646581263,0.026767498717,0.00171572754657 
245,0.926175661451,0.00926666969712,0.0270810686205,0.0353617133781,0.00211488685314 
246,0.922077345827,0.009595360829,0.0282934579499,0.0377612796646,0.00227255572949 
247,0.934972284083,0.00869422557091,0.0247977232054,0.029601918385,0.00193384875604 
248,0.933956733421,0.00881321236583,0.0252554692368,0.0299166499302,0.00205793504638 
249,0.910305136214,0.0105461786499,0.0318121889863,0.04445994114,0.00287655501001 
250,0.933850241938,0.00879356784221,0.0251459866862,0.0302192189628,0.0019909845709 
251,0.89843119938,0.0122867264996,0.0368100873192,0.0481679930661,0.00430399373541 
252,0.927699056999,0.00913066881541,0.0265953099602,0.0345409629841,0.00203400124106 
253,0.887036070647,0.014256536888,0.0419959863113,0.0501475135758,0.00656389257757 
254,0.922076646409,0.00960215978896,0.0283114384132,0.0377234580736,0.00228629731539 
255,0.902445168608,0.0127769409635,0.0370968510942,0.042526327791,0.0051547115429 
256,0.92119870917,0.00969516846757,0.028733009968,0.0379414248038,0.00243168759098 
257,0.905815440234,0.0112498988003,0.0338047558677,0.0456741244244,0.0034557806736 
258,0.933956733421,0.00881321236583,0.0252554692368,0.0299166499302,0.00205793504638 
259,0.926161944347,0.00924730877091,0.0270307199684,0.0354851991077,0.00207482780587 
260,0.913643924401,0.0106116010062,0.0314565289776,0.041255995419,0.00303195019572 
261,0.92843491503,0.00907855404186,0.0263961888893,0.0340681508653,0.00202219117326 
262,0.935611554847,0.00846207090331,0.0242513341478,0.0299195927079,0.00175544739424 
263,0.921164344048,0.00970522108595,0.0287609468296,0.0379220268412,0.00244746119553 
264,0.924207727432,0.00939577838616,0.0276738085096,0.0364960677102,0.00222661796226 
265,0.932559303619,0.00872383728527,0.0251984253581,0.0316443313024,0.00187410243508 
266,0.92692191865,0.00942913970402,0.027388872284,0.0339142969879,0.00234577237455 
267,0.876118209198,0.0141054379264,0.0432782451119,0.060668092524,0.00583001523977 
268,0.901989136071,0.0128376322226,0.0373000768204,0.0426637099043,0.00520944498206 
269,0.886463516097,0.0144610452052,0.0425779645899,0.0494233560437,0.00707411806375 
270,0.941223397549,0.00805860230409,0.0226928545995,0.0263944036702,0.00163074187759 
271,0.867564660598,0.0161695967969,0.0483340173814,0.0588469537212,0.00908477150306 
272,0.909122505686,0.0115987471746,0.0340365551446,0.0411727731732,0.00406941882123 
273,0.89594505396,0.0118816602255,0.0362706428809,0.0522294644505,0.00367317848307 
274,0.899118064526,0.0116833401042,0.0356703064625,0.049671537134,0.00385675177317 
275,0.92871792537,0.00958357980971,0.0273434138516,0.0318580177363,0.00249706323221 
276,0.868295851217,0.0160465531537,0.0480185062253,0.0587892029605,0.00884988644333 
277,0.886092828031,0.0145255117703,0.04274204467,0.0494594622762,0.00718015325254 
278,0.919619324397,0.0105642614619,0.0305418017021,0.0360567110315,0.00321790140799 
279,0.936711224352,0.00850724266303,0.0243028523794,0.0285683032042,0.00191037740155 
280,0.924177013033,0.00989541233144,0.0286561671994,0.034633190255,0.00263821718082 
281,0.929220237714,0.00900737077736,0.0262296987028,0.0335124474318,0.0020302453736 
282,0.925031926059,0.00931451655703,0.0273885596378,0.0361027718649,0.00216222588119 
283,0.898459351408,0.0122811752943,0.0367955560389,0.0481674381815,0.0042964790772 
284,0.926720640225,0.00947014368952,0.0274994123216,0.033916759459,0.00239304430489 
285,0.922076646409,0.00960215978896,0.0283114384132,0.0377234580736,0.00228629731539 
286,0.925813576179,0.00926115674933,0.0271808220465,0.0355937663363,0.00215067868923 
287,0.914592275789,0.0114660580487,0.032876342805,0.037149830146,0.00391549321108 
288,0.888811242263,0.0140742467586,0.0413992551648,0.0493639666448,0.00635128916846 
289,0.922925874664,0.00955367897446,0.028209346749,0.0369597073182,0.00235139229457 
290,0.928437143365,0.00907024271933,0.0263744697329,0.0341116632116,0.00200648097111 
291,0.919394683025,0.0106067899977,0.0306512637438,0.0360823021241,0.00326496110979 
292,0.933916377275,0.00882109196542,0.0252767816681,0.0299197443575,0.00206600473402 
293,0.919042472846,0.0107249429348,0.0310117262574,0.0357456958774,0.00347516208466 
294,0.914769797236,0.010705417563,0.0314647914926,0.0399933334777,0.00306666023118 
295,0.922077645105,0.00959863917162,0.0283021119323,0.0377423305564,0.00227927323489 
296,0.898459351408,0.0122811752943,0.0367955560389,0.0481674381815,0.0042964790772 
297,0.928437357164,0.00907303197451,0.0263817330446,0.0340959873952,0.00201189042217 
298,0.881489856135,0.0135336215013,0.0415501959757,0.0580339948712,0.0053923315168 
299,0.936457788515,0.00835619375549,0.0239667562311,0.0294926090955,0.00172665240245 
300,0.926818000339,0.00945048601275,0.0274464294608,0.0339146388813,0.0023704453061 
301,0.922065819052,0.00961359442681,0.028341915602,0.0376706452267,0.00230802569245 
302,0.944234583025,0.0078031912324,0.0217763829338,0.0246644481854,0.00152139462342 
303,0.933211206352,0.00885424752502,0.0253569528381,0.0305531196723,0.00202447361258 
304,0.935617124659,0.00845915568493,0.0242433953483,0.0299294074281,0.00175091687981 
305,0.854899450609,0.0157669512966,0.0493903546019,0.0722395899054,0.00770365358688 
306,0.92579753596,0.00923167239207,0.0271014943541,0.035781962591,0.0020873347025 
307,0.926725644004,0.00946914061409,0.0274967092681,0.0339166125183,0.00239189359563 
308,0.944285324477,0.00779249918585,0.0217476686317,0.0246627959217,0.00151171178368 
309,0.935608789698,0.00846340678303,0.0242549738419,0.0299153369864,0.00175749269061 
310,0.914047184342,0.0108342555046,0.0318315145895,0.0400890668725,0.00319797869101 
311,0.92692191865,0.00942913970402,0.027388872284,0.0339142969879,0.00234577237455 
312,0.919042472846,0.0107249429348,0.0310117262574,0.0357456958774,0.00347516208466 
313,0.901800049529,0.01287223712,0.0373875999317,0.0426836721891,0.00525644123031 
314,0.929228598476,0.00900352140625,0.0262191936145,0.0335246409454,0.00202404555787 
315,0.930881796227,0.00924861881495,0.026437640622,0.0311925973313,0.00223934700428 
316,0.929140140832,0.00902614108835,0.0262855687952,0.0335109332108,0.00203721607375 
317,0.926623094764,0.00918506820839,0.0270051513544,0.0350332472406,0.0021534384329 
318,0.903165154073,0.0114908250992,0.0346363141896,0.0470211127469,0.00368659389131 
319,0.88610946682,0.0145226229187,0.0427346943396,0.0494578354851,0.0071753804369 
320,0.926175661451,0.00926666969712,0.0270810686205,0.0353617133781,0.00211488685314 
321,0.938996059963,0.00829809181888,0.0234400878049,0.0275445699872,0.00172119042552 
322,0.88610946682,0.0145226229187,0.0427346943396,0.0494578354851,0.0071753804369 
323,0.88610946682,0.0145226229187,0.0427346943396,0.0494578354851,0.0071753804369 
324,0.936584889118,0.00849869193063,0.0242237110882,0.0288324375453,0.00186027031792 
325,0.933916377275,0.00882109196542,0.0252767816681,0.0299197443575,0.00206600473402 
326,0.933916377275,0.00882109196542,0.0252767816681,0.0299197443575,0.00206600473402 
327,0.922585544025,0.00951924180412,0.028140626754,0.0374479783813,0.00230660903558 
328,0.930922171258,0.00882376487304,0.0255924843948,0.0327493528184,0.0019122266555 
329,0.910264538801,0.0105620658091,0.0318555868374,0.0444118590231,0.00290594952912 
330,0.912003029758,0.0105450292103,0.0316378120187,0.0428993435279,0.00291478548487 
331,0.927800966719,0.00910258227064,0.0266029573099,0.0344484418605,0.00204505183949 
332,0.886275014457,0.0144938557723,0.0426614877415,0.0494416804983,0.00712796153102 
333,0.939467515401,0.00825824790114,0.023294610596,0.0272727383749,0.00170688772664 
334,0.914719659539,0.0105151476644,0.0311161031777,0.0406855019345,0.00296358768424 
335,0.879984857239,0.0137759892774,0.04210475844,0.0586424705919,0.00549192445202 
336,0.933853749333,0.00879282314672,0.0251439994151,0.0302192364135,0.00199019169185 
337,0.888867717149,0.0139267165391,0.041155842013,0.0499914385491,0.00605828575011 
338,0.915124672638,0.0101232307185,0.0303830700058,0.0416952328981,0.0026737937396 
339,0.876166611746,0.0140961450333,0.0432536689279,0.0606687134227,0.00581486087043 
340,0.933809614298,0.00862087874948,0.024821112093,0.0309164959125,0.00183189894699 
341,0.934436049406,0.00906082610595,0.0255736231923,0.0286816256826,0.00224787561274 
342,0.926725644004,0.00946914061409,0.0274967092681,0.0339166125183,0.00239189359563 
343,0.862081364533,0.0151699431131,0.047277581047,0.0685731056335,0.00689800567301 
344,0.910270188855,0.0105600189013,0.0318499856926,0.0444175878828,0.00290221866878 
345,0.926763936402,0.00946143921109,0.0274759539399,0.0339156201975,0.00238305024994 
346,0.922598838442,0.00951178661061,0.0281203440862,0.0374761302968,0.00229290056401 
347,0.910339357727,0.0105288118181,0.0317649925255,0.0445237978473,0.00284304008215 
348,0.922916270217,0.00998360290844,0.02891243127,0.0355739146581,0.00261378094671 
349,0.931547407693,0.00874985404718,0.0253415605593,0.0325168859966,0.00184429170404 
350,0.930921879225,0.0088262679122,0.0255991741367,0.0327355590928,0.0019171196335 
351,0.938095360533,0.00821252421873,0.0234486585908,0.0285832638826,0.00166019277519 
352,0.903160560231,0.0127293361814,0.0369192392786,0.0420786322446,0.00511223206425 
353,0.912531302319,0.0103551938632,0.0311171924979,0.0432649285218,0.0027313827981 
354,0.933912875125,0.00882177400189,0.025278625977,0.0299200222741,0.00206670262168 
355,0.92617301982,0.0092700131148,0.0270898945048,0.0353459862744,0.00212108628622 
356,0.887043305771,0.014255248519,0.0419927095983,0.0501468653832,0.00656187072857 
357,0.889862982817,0.0126123448974,0.0386918746936,0.0541646987936,0.00466809879806 
358,0.891452635421,0.0124839426292,0.038218845315,0.0532929077745,0.00455166886001 
359,0.931595533354,0.00917550193066,0.0261919613529,0.0308417392005,0.00219526416164 
360,0.902831605852,0.0115546642731,0.0348238079238,0.0470442844953,0.00374563745589 
361,0.933908194971,0.00882268502316,0.0252810893807,0.0299203959535,0.00206763467204 
362,0.876217164964,0.0133543996801,0.0418422392741,0.0636878476167,0.00489834846539 
363,0.925489500156,0.00930776621743,0.0273430314435,0.0356900129667,0.00216968921675 
364,0.941693859415,0.00801311131155,0.0225351956911,0.0261490867377,0.00160874684417 
365,0.933956733421,0.00881321236583,0.0252554692368,0.0299166499302,0.00205793504638 
366,0.895833198038,0.0131642770103,0.038882141209,0.0468073137779,0.00531306996477 
367,0.919612013037,0.0100807511732,0.0297637717142,0.0377236845912,0.00281977948462 
368,0.885771739587,0.0132200009451,0.0404128153821,0.0556195284528,0.00497591563277 
369,0.88765963462,0.0141450965244,0.0417124099123,0.0500924751509,0.00639038379231 
370,0.926602982199,0.00943572590431,0.0274873547131,0.0340880368594,0.00238590032388 
371,0.930520727928,0.00891470467362,0.025873120711,0.0327022560566,0.00198919063126 
372,0.919355871594,0.0100434573353,0.0296109531349,0.0382924626201,0.00269725531597 
373,0.933912875125,0.00882177400189,0.025278625977,0.0299200222741,0.00206670262168 
374,0.915646956518,0.010093868052,0.0301596458206,0.0415485177041,0.00255101190496 
375,0.886117780471,0.014521179322,0.0427310212006,0.0494570228596,0.00717299614642 
376,0.923011481307,0.00952339327021,0.0281255748781,0.0370372943405,0.00230225620413 
377,0.927698105589,0.00913948507809,0.0266183497828,0.0344930805785,0.00205097897194 
378,0.921178876123,0.00970105213265,0.0287493588109,0.0379297553168,0.00244095761686 
379,0.92619898516,0.00927467297469,0.0271917036558,0.0351467830364,0.00218785517267 
380,0.931599566753,0.00917467004833,0.0261897848825,0.0308415295767,0.00219444873947 
381,0.920344983222,0.0105105249733,0.0303280154626,0.0356244439857,0.00319203235613 
382,0.894416216867,0.0135286141179,0.0397976278109,0.0461126577051,0.00614488349881 
383,0.88787193439,0.0141305320982,0.0416223020721,0.0499665085797,0.00640872286028 
384,0.902258757103,0.0127881596131,0.0371748887985,0.0426355084661,0.005142686019 
385,0.926269668988,0.00924481458372,0.0271097117246,0.0352367173654,0.00213908733824 
386,0.915186737843,0.0100932644711,0.0303002896141,0.0418035863626,0.00261612170964 
387,0.867417237953,0.0161942998685,0.0483973186254,0.0588587392081,0.00913240434484 
388,0.924197380938,0.00940138510637,0.0276891876409,0.0364752366013,0.00223680971366 
389,0.933916377275,0.00882109196542,0.0252767816681,0.0299197443575,0.00206600473402 
390,0.926716877929,0.00947089740402,0.0275014433689,0.0339168725069,0.00239390879095 
391,0.908110698064,0.0108515055611,0.0326762724878,0.0453927174692,0.00296880641808 
392,0.902439170112,0.0127780420809,0.0370996321397,0.0425269607505,0.00515619491656 
393,0.933912875125,0.00882177400189,0.025278625977,0.0299200222741,0.00206670262168 
394,0.881823838378,0.0136211373047,0.0415498478893,0.0576645998739,0.00534057655401 
395,0.925813576179,0.00926115674933,0.0271808220465,0.0355937663363,0.00215067868923 
396,0.931556023159,0.00875119413449,0.0253449462424,0.0324996239888,0.00184821247578 
397,0.892966442258,0.012115511338,0.0371395159631,0.0539267414699,0.00385178897114 
398,0.915450274733,0.0107553562149,0.0315900908055,0.0389476076402,0.00325667060647 
399,0.928469873512,0.00907996861406,0.0264839014038,0.0338864255048,0.00207983096506 
400,0.923431174526,0.00944913946782,0.0278828682179,0.0369710819108,0.00226573587703 
401,0.927701097173,0.00981335050288,0.0280047327353,0.0317131785113,0.00276764107786 
402,0.922057704211,0.00961885436669,0.0283560100969,0.0376498562719,0.00231757505308 
403,0.92920047305,0.00901536429674,0.0262515429154,0.0334898388317,0.00204278090622 
404,0.867456651938,0.0161876988036,0.0483804049053,0.0588555839552,0.00911966039753 
405,0.919816751793,0.01053752679,0.0304460143108,0.0359945166612,0.00320519044479 
406,0.922070720711,0.00960963874771,0.0283313444444,0.0376876222306,0.00230067386609 
407,0.933866803645,0.0087900454762,0.025136586759,0.0302193324083,0.00198723171164 
408,0.925500088995,0.00929737737367,0.0273146431994,0.0357373049652,0.00215058546639 
409,0.930511749453,0.00891788705833,0.0258818937994,0.0326944734368,0.00199399625285 
410,0.901707564615,0.0128891362901,0.0374303286909,0.0426934884096,0.00527948199488 
411,0.918316521151,0.0100858191132,0.0297805151318,0.0392477521173,0.0025693924866 
412,0.939467515401,0.00825824790114,0.023294610596,0.0272727383749,0.00170688772664 
413,0.931590822631,0.00877099049981,0.025396982741,0.0323489795101,0.00189222461818 
414,0.926716877929,0.00947089740402,0.0275014433689,0.0339168725069,0.00239390879095 
415,0.933833360358,0.00860379807695,0.0247745030803,0.0309848176948,0.0018035207897 
416,0.933912875125,0.00882177400189,0.025278625977,0.0299200222741,0.00206670262168 
417,0.935621801204,0.00845636434103,0.0242357996387,0.0299395511144,0.00174648370152 
418,0.928437357164,0.00907303197451,0.0263817330446,0.0340959873952,0.00201189042217 
419,0.944238983997,0.00780227014828,0.0217739107405,0.0246642712505,0.00152056386342 
420,0.92454511232,0.00967198366671,0.0281808928787,0.0351137019463,0.00248830918871 
421,0.934411746274,0.00857190717894,0.0246409513534,0.0305621867737,0.00181320842026 
422,0.886092828031,0.0145255117703,0.04274204467,0.0494594622762,0.00718015325254 
423,0.886092828031,0.0145255117703,0.04274204467,0.0494594622762,0.00718015325254 
424,0.933684298547,0.00882225969397,0.0252349025355,0.0302502642555,0.00200827496861 
425,0.923751908506,0.0097390779706,0.0284260044324,0.0355577004966,0.00252530859471 
426,0.896959951577,0.0124206029677,0.0372777672848,0.0489198799802,0.00442179819005 
427,0.908603708769,0.0116934137527,0.0342820772247,0.0412309332382,0.00418986701531 
428,0.886463516097,0.0144610452052,0.0425779645899,0.0494233560437,0.00707411806375 
429,0.918297522861,0.010091624187,0.0297960170349,0.0392370603756,0.00257777554157 
430,0.867436954168,0.0161909981002,0.0483888587272,0.0588571604497,0.00912602855516 
431,0.924519545408,0.00967742660628,0.0281952452556,0.0351133800984,0.00249440263165 
432,0.929228598476,0.00900352140625,0.0262191936145,0.0335246409454,0.00202404555787 
433,0.928436493395,0.00907596454349,0.0263893985826,0.0340807210251,0.00201742245386 
434,0.933509949743,0.0086051155915,0.0248758838609,0.0311723780929,0.00183667271221 
435,0.91457437447,0.0114694819236,0.0328849361452,0.0371518037015,0.00391940375961 
436,0.886463516097,0.0144610452052,0.0425779645899,0.0494233560437,0.00707411806375 
437,0.939539232296,0.00827574722882,0.0233918860552,0.0270323300534,0.00176080436688 
438,0.930531286585,0.00891074798884,0.0258622165766,0.0327126196928,0.00198312915698 
439,0.902700444792,0.0127300096598,0.0369782863369,0.0424995396983,0.00509171951282 
440,0.933930317729,0.00881837433492,0.0252694321795,0.0299186527465,0.00206322301045 
441,0.914601773937,0.0107401322898,0.0315560755488,0.0399933448949,0.0031086733299 
442,0.925404121727,0.00934352100072,0.0274413544971,0.0355825481212,0.00222845465422 
443,0.925760491095,0.00951829527614,0.0277713057213,0.0345074966435,0.00244241126402 
444,0.931590278489,0.0087637613009,0.0253777218105,0.0323902625768,0.00187797582291 
445,0.932539754096,0.00873367831926,0.025225397962,0.0316113568405,0.00188981278223 
446,0.922059591098,0.00961772362628,0.0283529768327,0.0376541660924,0.00231554235049 
447,0.934151010261,0.00877468530775,0.0251511239571,0.0299049259366,0.00201825453799 
448,0.914361044378,0.0108614801379,0.0319537468257,0.0394847308898,0.00333899776855 
449,0.90225728172,0.0119042597619,0.0355726033014,0.0462265107442,0.0040393444727 
450,0.91829360034,0.0100928024073,0.0297991646082,0.0392349632471,0.00257946939744 
451,0.887864914641,0.0141317890361,0.041625495936,0.0499671307314,0.00641066965523 
452,0.939966856014,0.00818517014117,0.0231463762968,0.0270296499899,0.00167194755802 
453,0.928436493395,0.00907596454349,0.0263893985826,0.0340807210251,0.00201742245386 
454,0.889428176601,0.0139633406476,0.0411172836311,0.0493091442254,0.00618205489512 
455,0.922065819052,0.00961359442681,0.028341915602,0.0376706452267,0.00230802569245 
456,0.935027184412,0.00851209193664,0.0244322469305,0.0302513163088,0.00177716041201 
457,0.925755409358,0.00951933897483,0.0277740962619,0.0345075669916,0.00244358841323 
458,0.89443410685,0.0120303227524,0.0369361960832,0.0526661819899,0.00393319232441 
459,0.939705064535,0.00824794891786,0.0233047351173,0.026998612617,0.00174363881312 
460,0.901719933497,0.012886877205,0.0374246171871,0.0426921736538,0.00527639845693 
461,0.930917338592,0.00883298564939,0.0257005666311,0.0325711789113,0.00197793021617 
462,0.927697184338,0.00912804131065,0.0265885009642,0.0345576406845,0.00202863270302 
463,0.887036070647,0.014256536888,0.0419959863113,0.0501475135758,0.00656389257757 
464,0.90659057224,0.0110273446726,0.033125745729,0.0461877496632,0.00306858769476 
465,0.930921879225,0.0088262679122,0.0255991741367,0.0327355590928,0.0019171196335 
466,0.930228845758,0.0088925803613,0.025917424089,0.0329505153543,0.00201063443767 
467,0.863502827146,0.0151442639101,0.0470312903495,0.067351879161,0.00696973943322 
468,0.934282583098,0.00874790193537,0.0250784402405,0.0299006968077,0.00199037791843 
469,0.934007272476,0.00880328922088,0.025228616106,0.0299130693391,0.0020477528582 
470,0.906562942651,0.0111226485135,0.0335265549879,0.0453189406017,0.00346891324632 
471,0.886242026875,0.0144995915778,0.042676085968,0.0494448950714,0.0071374005081 
